Date;PX_LAST;Change;% Change;PX_OPEN;Change;% Change;PX_HIGH;Change;% Change;PX_LOW;Change;% Change
01.04.2016;8320;;;;;;;;;;;
04.04.2016;8365;;;;;;;;;;;
05.04.2016;8480;;;;;;;;;;;
06.04.2016;8590;;;;;;;;;;;
07.04.2016;8390;;;;;;;;;;;
08.04.2016;8545;;;;;;;;;;;
11.04.2016;8560;;;;;;;;;;;
12.04.2016;8860;;;;;;;;;;;
13.04.2016;8985;;;;;;;;;;;
14.04.2016;8995;;;;;;;;;;;
15.04.2016;8915;;;;;;;;;;;
18.04.2016;9140;;;;;;;;;;;
19.04.2016;9270;;;;;;;;;;;
20.04.2016;9325;;;;;;;;;;;
21.04.2016;9100;;;;;;;;;;;
22.04.2016;9090;;;;;;;;;;;
25.04.2016;9130;;;;;;;;;;;
26.04.2016;9190;;;;;;;;;;;
27.04.2016;9200;;;;;;;;;;;
28.04.2016;9295;;;;;;;;;;;
29.04.2016;9445;;;;;;;;;;;
03.05.2016;9520;;;;;;;;;;;
04.05.2016;9445;;;;;;;;;;;
05.05.2016;9020;;;;;;;;;;;
06.05.2016;9065;;;;;;;;;;;
09.05.2016;8605;;;;;;;;;;;
10.05.2016;8710;;;;;;;;;;;
11.05.2016;8885;;;;;;;;;;;
12.05.2016;8630;;;;;;;;;;;
13.05.2016;8640;;;;;;;;;;;
16.05.2016;8720;;;;;;;;;;;
17.05.2016;8795;;;;;;;;;;;
18.05.2016;8635;;;;;;;;;;;
19.05.2016;8555;;;;;;;;;;;
20.05.2016;8500;;;;;;;;;;;
23.05.2016;8330;;;;;;;;;;;
24.05.2016;8400;;;;;;;;;;;
25.05.2016;8350;;;;;;;;;;;
26.05.2016;8395;;;;;;;;;;;
27.05.2016;8420;;;;;;;;;;;
31.05.2016;8435;;;;;;;;;;;
01.06.2016;8475;;;;;;;;;;;
02.06.2016;8470;;;;;;;;;;;
03.06.2016;8495;;;;;;;;;;;
06.06.2016;8665;;;;;;;;;;;
07.06.2016;8585;;;;;;;;;;;
08.06.2016;8960;;;;;;;;;;;
09.06.2016;8935;;;;;;;;;;;
10.06.2016;8925;;;;;;;;;;;
13.06.2016;8890;;;;;;;;;;;
14.06.2016;8885;;;;;;;;;;;
15.06.2016;9045;;;;;;;;;;;
16.06.2016;8870;;;;;;;;;;;
17.06.2016;9065;;;;;;;;;;;
20.06.2016;9285;;;;;;;;;;;
21.06.2016;9190;;;;;;;;;;;
22.06.2016;9230;;;;;;;;;;;
23.06.2016;9225;;;;;;;;;;;
24.06.2016;9020;;;;;;;;;;;
27.06.2016;8980;;;;;;;;;;;
28.06.2016;9340;;;;;;;;;;;
29.06.2016;9440;;;;;;;;;;;
30.06.2016;9445;;;;;;;;;;;
01.07.2016;9970;;;;;;;;;;;
04.07.2016;10195;;;;;;;;;;;
05.07.2016;9705;;;;;;;;;;;
06.07.2016;9985;;;;;;;;;;;
07.07.2016;9750;;;;;;;;;;;
08.07.2016;9880;;;;;;;;;;;
11.07.2016;10045;;;;;;;;;;;
12.07.2016;10490;;;;;;;;;;;
13.07.2016;10350;;;;;;;;;;;
14.07.2016;10360;;;;;;;;;;;
15.07.2016;10280;;;;;;;;;;;
18.07.2016;10545;;;;;;;;;;;
19.07.2016;10560;;;;;;;;;;;
20.07.2016;10580;;;;;;;;;;;
21.07.2016;10760;;;;;;;;;;;
22.07.2016;10410;;;;;;;;;;;
25.07.2016;10475;;;;;;;;;;;
26.07.2016;10350;;;;;;;;;;;
27.07.2016;10355;;;;;;;;;;;
28.07.2016;10695;;;;;;;;;;;
29.07.2016;10630;;;;;;;;;;;
01.08.2016;10735;;;;;;;;;;;
02.08.2016;10725;;;;;;;;;;;
03.08.2016;10735;;;;;;;;;;;
04.08.2016;10605;;;;;;;;;;;
05.08.2016;10715;;;;;;;;;;;
08.08.2016;10770;;;;;;;;;;;
09.08.2016;10780;;;;;;;;;;;
10.08.2016;10860;;;;;;;;;;;
11.08.2016;10735;;;;;;;;;;;
12.08.2016;10305;;;;;;;;;;;
15.08.2016;10510;;;;;;;;;;;
16.08.2016;10255;;;;;;;;;;;
17.08.2016;10220;;;;;;;;;;;
18.08.2016;10350;;;;;;;;;;;
19.08.2016;10355;;;;;;;;;;;
22.08.2016;10265;;;;;;;;;;;
23.08.2016;10265;;;;;;;;;;;
24.08.2016;9995;;;;;;;;;;;
25.08.2016;9845;;;;;;;;;;;
26.08.2016;9810;;;;;;;;;;;
30.08.2016;9830;;;;;;;;;;;
31.08.2016;9765;;;;;;;;;;;
01.09.2016;9910;;;;;;;;;;;
02.09.2016;10060;;;;;;;;;;;
05.09.2016;10070;;;;;;;;;;;
06.09.2016;10110;;;;;;;;;;;
07.09.2016;10210;;;;;;;;;;;
08.09.2016;10345;;;;;;;;;;;
09.09.2016;10370;;;;;;;;;;;
12.09.2016;10080;;;;;;;;;;;
13.09.2016;9860;;;;;;;;;;;
14.09.2016;9840;;;;;;;;;;;
15.09.2016;9715;;;;;;;;;;;
16.09.2016;9725;;;;;;;;;;;
19.09.2016;10150;;;;;;;;;;;
20.09.2016;10310;;;;;;;;;;;
21.09.2016;10350;;;;;;;;;;;
22.09.2016;10660;;;;;;;;;;;
23.09.2016;10660;;;;;;;;;;;
26.09.2016;10530;;;;;;;;;;;
27.09.2016;10630;;;;;;;;;;;
28.09.2016;10695;;;;;;;;;;;
29.09.2016;10435;;;;;;;;;;;
30.09.2016;10575;;;;;;;;;;;
03.10.2016;10350;;;;;;;;;;;
04.10.2016;10080;;;;;;;;;;;
05.10.2016;10080;;;;;;;;;;;
06.10.2016;10255;;;;;;;;;;;
07.10.2016;10200;;;;;;;;;;;
10.10.2016;10520;;;;;;;;;;;
11.10.2016;10425;;;;;;;;;;;
12.10.2016;10565;;;;;;;;;;;
13.10.2016;10430;;;;;;;;;;;
14.10.2016;10485;;;;;;;;;;;
17.10.2016;10290;;;;;;;;;;;
18.10.2016;10410;;;;;;;;;;;
19.10.2016;10310;;;;;;;;;;;
20.10.2016;10130;;;;;;;;;;;
21.10.2016;9960;;;;;;;;;;;
24.10.2016;10105;;;;;;;;;;;
25.10.2016;10225;;;;;;;;;;;
26.10.2016;10260;;;;;;;;;;;
27.10.2016;10360;;;;;;;;;;;
28.10.2016;10430;;;;;;;;;;;
31.10.2016;10475;;;;;;;;;;;
01.11.2016;10405;;;;;;;;;;;
02.11.2016;10320;;;;;;;;;;;
03.11.2016;10480;;;;;;;;;;;
04.11.2016;10460;;;;;;;;;;;
07.11.2016;11130;;;;;;;;;;;
08.11.2016;11260;;;;;;;;;;;
09.11.2016;11575;;;;;;;;;;;
10.11.2016;11540;;;;;;;;;;;
11.11.2016;11210;;;;;;;;;;;
14.11.2016;11260;;;;;;;;;;;
15.11.2016;11295;;;;;;;;;;;
16.11.2016;11330;;;;;;;;;;;
17.11.2016;11245;;;;;;;;;;;
18.11.2016;10845;;;;;;;;;;;
21.11.2016;11400;;;;;;;;;;;
22.11.2016;11370;;;;;;;;;;;
23.11.2016;11600;;;;;;;;;;;
24.11.2016;11580;;;;;;;;;;;
25.11.2016;11560;;;;;;;;;;;
28.11.2016;11630;;;;;;;;;;;
29.11.2016;11080;;;;;;;;;;;
30.11.2016;11250;;;;;;;;;;;
01.12.2016;11210;;;;;;;;;;;
02.12.2016;11455;;;;;;;;;;;
05.12.2016;11640;;;;;;;;;;;
06.12.2016;11610;;;;;;;;;;;
07.12.2016;11410;;;;;;;;;;;
08.12.2016;11105;;;;;;;;;;;
09.12.2016;11470;;;;;;;;;;;
12.12.2016;11300;;;;;;;;;;;
13.12.2016;11390;;;;;;;;;;;
14.12.2016;11420;;;;;;;;;;;
15.12.2016;11300;;;;;;;;;;;
16.12.2016;11170;;;;;;;;;;;
19.12.2016;10880;;;;;;;;;;;
20.12.2016;10925;;;;;;;;;;;
21.12.2016;10830;;;;;;;;;;;
22.12.2016;10730;;;;;;;;;;;
23.12.2016;10410;;;;;;;;;;;
28.12.2016;10100;;;;;;;;;;;
29.12.2016;10120;;;;;;;;;;;
30.12.2016;10020;;;10150;;;10185;;;10000;;
03.01.2017;9910;;;10030;;;10265;;;9909;;
04.01.2017;10220;;;9970;;;10255;;;9890;;
05.01.2017;10295;;;10210;;;10375;;;10160;;
06.01.2017;10245;;;10260;;;10315;;;10155;;
09.01.2017;10390;;;10275;;;10400;;;10260;;
10.01.2017;10615;;;10365;;;10630;;;10325;;
11.01.2017;10180;;;10550;;;10590;;;10020;;
12.01.2017;10275;;;10150;;;10350;;;9660;;
13.01.2017;10450;;;10300;;;10460;;;10050;;
16.01.2017;10260;;;10410;;;10425;;;10235;;
17.01.2017;10160;;;10250;;;10340;;;10085;;
18.01.2017;10175;;;10200;;;10260;;;10140;;
19.01.2017;9925;;;10190;;;10230;;;9865;;
20.01.2017;9700;;;9910;;;10000;;;9640;;
23.01.2017;9710;;;9720;;;9940;;;9710;;
24.01.2017;9800;;;9790;;;9890;;;9710;;
25.01.2017;9700;;;9830;;;9840;;;9555;;
26.01.2017;9410;;;9750;;;9875;;;9350;;
27.01.2017;9475;;;9395;;;9550;;;9360;;
30.01.2017;9680;;;9530;;;9745;;;9505;;
31.01.2017;9955;;;9705;;;10060;;;9695;;
01.02.2017;10250;;;9985;;;10280;;;9975;;
02.02.2017;10395;;;10250;;;10500;;;10190;;
03.02.2017;10225;;;10310;;;10340;;;10025;;
06.02.2017;10450;;;10275;;;10475;;;10275;;
07.02.2017;10355;;;10450;;;10450;;;10285;;
08.02.2017;10495;;;10335;;;10545;;;10330;;
09.02.2017;10280;;;10465;;;10485;;;10270;;
10.02.2017;10660;;;10305;;;10665;;;10260;;
13.02.2017;10730;;;10640;;;10785;;;10635;;
14.02.2017;10770;;;10690;;;10895;;;10650;;
15.02.2017;10930;;;10770;;;10931;;;10690;;
16.02.2017;11070;;;10890;;;11070;;;10855;;
17.02.2017;11050;;;11040;;;11070;;;10855;;
20.02.2017;11150;;;11060;;;11165;;;10975;;
21.02.2017;10855;;;11140;;;11160;;;10800;;
22.02.2017;10810;;;10840;;;10900;;;10710;;
23.02.2017;10580;;;10760;;;10810;;;10530;;
24.02.2017;10860;;;10555;;;10915;;;10530;;
27.02.2017;11045;;;10890;;;11080;;;10840;;
28.02.2017;10980;;;11030;;;11035;;;10770;;
01.03.2017;11030;;;10970;;;11120;;;10910;;
02.03.2017;10780;;;11045;;;11070;;;10765;;
03.03.2017;10990;;;10815;;;11020;;;10795;;
06.03.2017;11095;;;10970;;;11096;;;10935;;
07.03.2017;10645;;;11075;;;11075;;;10625;;
08.03.2017;10200;;;10680;;;10735;;;10105;;
09.03.2017;10150;;;10150;;;10235;;;10010;;
10.03.2017;9895;;;10160;;;10215;;;9860;;
13.03.2017;10170;;;9940;;;10280;;;9940;;
14.03.2017;10230;;;10210;;;10300;;;10050;;
15.03.2017;10205;;;10220;;;10340;;;10185;;
16.03.2017;10220;;;10250;;;10345;;;10160;;
17.03.2017;10260;;;10215;;;10295;;;10135;;
20.03.2017;10165;;;10265;;;10305;;;10090;;
21.03.2017;10160;;;10180;;;10240;;;10115;;
22.03.2017;10020;;;10145;;;10145;;;9915;;
23.03.2017;10030;;;10085;;;10115;;;9960;;
24.03.2017;9870;;;10010;;;10035;;;9825;;
27.03.2017;9770;;;9840;;;9910;;;9655;;
28.03.2017;9995;;;9835;;;10020;;;9755;;
29.03.2017;10045;;;10015;;;10095;;;9950;;
30.03.2017;10135;;;10035;;;10145;;;9940;;
31.03.2017;10025;;;10035;;;10120;;;9885;;
03.04.2017;9850;;;10040;;;10080;;;9795;;
04.04.2017;9980;;;9825;;;10000;;;9755;;
05.04.2017;10295;;;9975;;;10360;;;9975;;
06.04.2017;10080;;;10325;;;10375;;;10055;;
07.04.2017;10180;;;10135;;;10250;;;9935;;
10.04.2017;10180;;;10210;;;10210;;;10060;;
11.04.2017;9840;;;10070;;;10190;;;9760;;
12.04.2017;9735;;;9875;;;9900;;;9700;;
13.04.2017;9750;;;9705;;;9845;;;9655;;
18.04.2017;9310;;;9690;;;9725;;;9305;;
19.04.2017;9340;;;9365;;;9540;;;9315;;
20.04.2017;9480;;;9410;;;9560;;;9330;;
21.04.2017;9345;;;9495;;;9560;;;9340;;
24.04.2017;9260;;;9400;;;9440;;;9245;;
25.04.2017;9320;;;9285;;;9345;;;9230;;
26.04.2017;9230;;;9320;;;9350;;;9220;;
27.04.2017;9335;;;9280;;;9370;;;9185;;
28.04.2017;9450;;;9350;;;9595;;;9325;;
02.05.2017;9515;;;9475;;;9575;;;9455;;
03.05.2017;9230;;;9550;;;9555;;;9215;;
04.05.2017;9015;;;9230;;;9295;;;8970;;
05.05.2017;9140;;;9005;;;9185;;;8905;;
08.05.2017;9145;;;9160;;;9185;;;8995;;
09.05.2017;9215;;;9140;;;9315;;;9100;;
10.05.2017;9120;;;9220;;;9260;;;9070;;
11.05.2017;9315;;;9140;;;9385;;;9090;;
12.05.2017;9315;;;9300;;;9395;;;9255;;
15.05.2017;9235;;;9335;;;9380;;;9155;;
16.05.2017;9120;;;9185;;;9235;;;9040;;
17.05.2017;9215;;;9160;;;9280;;;9100;;
18.05.2017;9175;;;9120;;;9195;;;8995;;
19.05.2017;9360;;;9155;;;9440;;;9100;;
22.05.2017;9395;;;9365;;;9446;;;9335;;
23.05.2017;9345;;;9410;;;9430;;;9265;;
24.05.2017;9100;;;9345;;;9360;;;9085;;
25.05.2017;9040;;;9130;;;9190;;;9035;;
26.05.2017;9080;;;9075;;;9115;;;9020;;
30.05.2017;9115;;;9105;;;9175;;;9019;;
31.05.2017;8970;;;9120;;;9160;;;8825;;
01.06.2017;8840;;;8970;;;8970;;;8810;;
02.06.2017;8915;;;8820;;;8916;;;8700;;
05.06.2017;8910;;;8925;;;8940;;;8840;;
06.06.2017;8865;;;8885;;;9005;;;8840;;
07.06.2017;8810;;;8925;;;8960;;;8809;;
08.06.2017;8815;;;8830;;;8910;;;8765;;
09.06.2017;8980;;;8840;;;8985;;;8795;;
12.06.2017;8795;;;8975;;;9040;;;8740;;
13.06.2017;8800;;;8755;;;8835;;;8680;;
14.06.2017;8945;;;8815;;;8946;;;8770;;
15.06.2017;8850;;;8880;;;8965;;;8849;;
16.06.2017;8940;;;8885;;;8990;;;8880;;
19.06.2017;9010;;;8935;;;9125;;;8845;;
20.06.2017;8820;;;9010;;;9090;;;8815;;
21.06.2017;9005;;;8875;;;9020;;;8855;;
22.06.2017;9020;;;8985;;;9090;;;8905;;
23.06.2017;9080;;;9050;;;9230;;;9030;;
26.06.2017;9025;;;9105;;;9155;;;9005;;
27.06.2017;9260;;;9030;;;9265;;;9025;;
28.06.2017;9270;;;9225;;;9295;;;9170;;
29.06.2017;9290;;;9240;;;9370;;;9240;;
30.06.2017;9390;;;9270;;;9391;;;9215;;
03.07.2017;9390;;;9385;;;9445;;;9300;;
04.07.2017;9180;;;9335;;;9345;;;9110;;
05.07.2017;9160;;;9165;;;9200;;;9070;;
06.07.2017;9075;;;9135;;;9175;;;9070;;
07.07.2017;8920;;;9110;;;9110;;;8910;;
10.07.2017;9000;;;8960;;;9030;;;8865;;
11.07.2017;9130;;;9000;;;9205;;;8975;;
12.07.2017;9205;;;9160;;;9290;;;9160;;
13.07.2017;9210;;;9210;;;9280;;;9155;;
14.07.2017;9575;;;9190;;;9580;;;9175;;
17.07.2017;9600;;;9555;;;9730;;;9525;;
18.07.2017;9780;;;9610;;;9785;;;9555;;
19.07.2017;9650;;;9740;;;9780;;;9630;;
20.07.2017;9495;;;9640;;;9690;;;9460;;
21.07.2017;9520;;;9500;;;9690;;;9500;;
24.07.2017;9780;;;9535;;;9785;;;9475;;
25.07.2017;10005;;;9745;;;10025;;;9735;;
26.07.2017;10040;;;10015;;;10085;;;9850;;
27.07.2017;10130;;;9995;;;10220;;;9980;;
28.07.2017;10200;;;10145;;;10290;;;10020;;
31.07.2017;10215;;;10270;;;10355;;;10180;;
01.08.2017;10290;;;10240;;;10300;;;10085;;
02.08.2017;10350;;;10240;;;10355;;;10135;;
03.08.2017;10380;;;10350;;;10445;;;10250;;
04.08.2017;10250;;;10375;;;10415;;;10180;;
07.08.2017;10400;;;10325;;;10415;;;10245;;
08.08.2017;10630;;;10370;;;10775;;;10260;;
09.08.2017;10760;;;10755;;;10835;;;10670;;
10.08.2017;10985;;;10745;;;10990;;;10720;;
11.08.2017;10660;;;10885;;;10900;;;10540;;
14.08.2017;10450;;;10635;;;10725;;;10385;;
15.08.2017;10350;;;10430;;;10510;;;10330;;
16.08.2017;10760;;;10345;;;10830;;;10345;;
17.08.2017;10725;;;10730;;;10870;;;10645;;
18.08.2017;10980;;;10650;;;11055;;;10610;;
21.08.2017;11315;;;11000;;;11355;;;10975;;
22.08.2017;11415;;;11345;;;11555;;;11235;;
23.08.2017;11660;;;11445;;;11825;;;11225;;
24.08.2017;11745;;;11755;;;11780;;;11610;;
25.08.2017;11485;;;11725;;;11735;;;11395;;
29.08.2017;11710;;;11610;;;11885;;;11600;;
30.08.2017;11585;;;11710;;;11795;;;11565;;
31.08.2017;11800;;;11590;;;11820;;;11590;;
01.09.2017;12035;;;11775;;;12150;;;11755;;
04.09.2017;12250;;;12135;;;12380;;;12115;;
05.09.2017;12080;;;12275;;;12320;;;11915;;
06.09.2017;12165;;;12000;;;12250;;;11910;;
07.09.2017;12150;;;12205;;;12320;;;12005;;
08.09.2017;11590;;;12205;;;12365;;;11465;;
11.09.2017;11765;;;11525;;;11840;;;11450;;
12.09.2017;11990;;;11845;;;11991;;;11565;;
13.09.2017;11360;;;11920;;;11970;;;11330;;
14.09.2017;11200;;;11440;;;11525;;;11105;;
15.09.2017;11090;;;11225;;;11270;;;10845;;
18.09.2017;11235;;;11140;;;11260;;;11060;;
19.09.2017;11140;;;11200;;;11240;;;10875;;
20.09.2017;11380;;;11145;;;11485;;;11145;;
21.09.2017;11005;;;11345;;;11355;;;10620;;
22.09.2017;10420;;;10790;;;10825;;;10419;;
25.09.2017;10580;;;10620;;;10655;;;10435;;
26.09.2017;10480;;;10615;;;10685;;;10400;;
27.09.2017;10240;;;10460;;;10625;;;10215;;
28.09.2017;10440;;;10305;;;10525;;;10230;;
29.09.2017;10500;;;10460;;;10840;;;10375;;
02.10.2017;10390;;;10585;;;10590;;;10270;;
03.10.2017;10620;;;10490;;;10775;;;10430;;
04.10.2017;10615;;;10740;;;10840;;;10565;;
05.10.2017;10535;;;10610;;;10700;;;10510;;
06.10.2017;10600;;;10580;;;10690;;;10510;;
09.10.2017;11015;;;10570;;;11016;;;10565;;
10.10.2017;11055;;;10985;;;11060;;;10830;;
11.10.2017;11135;;;11035;;;11255;;;10885;;
12.10.2017;11395;;;11195;;;11425;;;11135;;
13.10.2017;11720;;;11410;;;11745;;;11370;;
16.10.2017;11865;;;11710;;;11930;;;11585;;
17.10.2017;11765;;;11890;;;11895;;;11615;;
18.10.2017;11650;;;11775;;;11855;;;11595;;
19.10.2017;11740;;;11635;;;11795;;;11590;;
20.10.2017;11735;;;11760;;;12165;;;11650;;
23.10.2017;11860;;;11710;;;11930;;;11670;;
24.10.2017;11995;;;11885;;;12080;;;11880;;
25.10.2017;11865;;;12025;;;12085;;;11795;;
26.10.2017;11750;;;11865;;;11975;;;11650;;
27.10.2017;11580;;;11755;;;11755;;;11350;;
30.10.2017;11675;;;11550;;;11690;;;11465;;
31.10.2017;12295;;;11620;;;12565;;;11555;;
01.11.2017;12725;;;12400;;;13030;;;12400;;
02.11.2017;12605;;;12720;;;12915;;;12365;;
03.11.2017;12725;;;12570;;;12795;;;12515;;
06.11.2017;12920;;;12720;;;12970;;;12670;;
07.11.2017;12655;;;12945;;;12945;;;12540;;
08.11.2017;12700;;;12645;;;12730;;;12525;;
09.11.2017;12300;;;12685;;;12685;;;12190;;
10.11.2017;12110;;;12290;;;12445;;;12065;;
13.11.2017;12490;;;12140;;;12545;;;12130;;
14.11.2017;11780;;;12505;;;12580;;;11755;;
15.11.2017;11690;;;11810;;;11850;;;11450;;
16.11.2017;11350;;;11660;;;11755;;;11320;;
17.11.2017;11575;;;11425;;;11640;;;11420;;
20.11.2017;11660;;;11590;;;11710;;;11450;;
21.11.2017;11870;;;11670;;;11880;;;11615;;
22.11.2017;11840;;;11840;;;11945;;;11660;;
23.11.2017;11930;;;11865;;;11940;;;11655;;
24.11.2017;12035;;;11925;;;12110;;;11895;;
27.11.2017;11570;;;12005;;;12020;;;11565;;
28.11.2017;11350;;;11590;;;11645;;;11255;;
29.11.2017;11520;;;11370;;;11522;;;11285;;
30.11.2017;11110;;;11435;;;11440;;;11109;;
01.12.2017;11290;;;11165;;;11425;;;10940;;
04.12.2017;11385;;;11310;;;11470;;;11280;;
05.12.2017;10865;;;11375;;;11375;;;10864;;
06.12.2017;10805;;;10900;;;10925;;;10755;;
07.12.2017;11040;;;10840;;;11050;;;10740;;
08.12.2017;10950;;;11000;;;11150;;;10870;;
11.12.2017;11240;;;10960;;;11241;;;10833;;
12.12.2017;11070;;;11200;;;11225;;;10975;;
13.12.2017;11095;;;11110;;;11225;;;11085;;
14.12.2017;11155;;;11125;;;11325;;;11030;;
15.12.2017;11580;;;11190;;;11625;;;11155;;
18.12.2017;11830;;;11575;;;11850;;;11470;;
19.12.2017;11755;;;11795;;;11830;;;11660;;
20.12.2017;12040;;;11765;;;12115;;;11710;;
21.12.2017;12070;;;12015;;;12100;;;11865;;
22.12.2017;12130;;;12055;;;12220;;;11940;;
27.12.2017;12110;;;12005;;;12111;;;11805;;
28.12.2017;12350;;;12065;;;12420;;;11950;;
29.12.2017;12760;;;12340;;;12950;;;12160;;
02.01.2018;12620;;;12700;;;12835;;;12480;;
03.01.2018;12415;;;12650;;;12650;;;12350;;
04.01.2018;12650;;;12470;;;12715;;;12375;;
05.01.2018;12525;;;12635;;;12665;;;12430;;
08.01.2018;12535;;;12580;;;12675;;;12340;;
09.01.2018;12695;;;12580;;;12780;;;12520;;
10.01.2018;12935;;;12665;;;13200;;;12650;;
11.01.2018;12620;;;12875;;;12900;;;12585;;
12.01.2018;12725;;;12580;;;12745;;;12565;;
15.01.2018;12860;;;12670;;;12975;;;12670;;
16.01.2018;12545;;;12875;;;12875;;;12190;;
17.01.2018;12410;;;12560;;;12595;;;12380;;
18.01.2018;12470;;;12400;;;12600;;;12380;;
19.01.2018;12720;;;12480;;;12755;;;12360;;
22.01.2018;12760;;;12690;;;12845;;;12650;;
23.01.2018;12850;;;12750;;;12900;;;12575;;
24.01.2018;13575;;;12835;;;13665;;;12725;;
25.01.2018;13685;;;13520;;;13915;;;13470;;
26.01.2018;13650;;;13655;;;13825;;;13540;;
29.01.2018;13805;;;13640;;;14040;;;13640;;
30.01.2018;13350;;;13860;;;13910;;;13300;;
31.01.2018;13600;;;13410;;;13625;;;13345;;
01.02.2018;14000;;;13505;;;14030;;;13415;;
02.02.2018;13435;;;13960;;;13975;;;13185;;
05.02.2018;13745;;;13480;;;13820;;;13300;;
06.02.2018;13385;;;13645;;;13645;;;13255;;
07.02.2018;13175;;;13425;;;13720;;;13150;;
08.02.2018;13140;;;13200;;;13320;;;12840;;
09.02.2018;12970;;;13150;;;13150;;;12755;;
12.02.2018;13100;;;13020;;;13170;;;12965;;
13.02.2018;13450;;;13100;;;13570;;;13085;;
14.02.2018;14100;;;13470;;;14135;;;13410;;
15.02.2018;14150;;;13935;;;14420;;;13935;;
16.02.2018;13920;;;14140;;;14240;;;13650;;
19.02.2018;13590;;;13700;;;13905;;;13575;;
20.02.2018;13610;;;13630;;;13800;;;13470;;
21.02.2018;13845;;;13565;;;13930;;;13410;;
22.02.2018;13830;;;13705;;;13840;;;13390;;
23.02.2018;13765;;;13800;;;13870;;;13670;;
26.02.2018;13925;;;13755;;;14065;;;13660;;
27.02.2018;13845;;;13920;;;14030;;;13700;;
28.02.2018;13790;;;13810;;;13885;;;13720;;
01.03.2018;13460;;;13725;;;13830;;;13300;;
02.03.2018;13450;;;13440;;;13520;;;13305;;
05.03.2018;13430;;;13485;;;13525;;;13220;;
06.03.2018;13680;;;13420;;;13705;;;13400;;
07.03.2018;13590;;;13610;;;13615;;;13350;;
08.03.2018;13270;;;13515;;;13565;;;13130;;
09.03.2018;13860;;;13220;;;13900;;;13120;;
12.03.2018;13675;;;13810;;;13845;;;13650;;
13.03.2018;13875;;;13715;;;13920;;;13620;;
14.03.2018;13835;;;13865;;;14030;;;13750;;
15.03.2018;13630;;;13810;;;13845;;;13520;;
16.03.2018;13625;;;13605;;;13796;;;13515;;
19.03.2018;13480;;;13580;;;13590;;;13355;;
20.03.2018;13455;;;13490;;;13611;;;13380;;
21.03.2018;13460;;;13480;;;13575;;;13210;;
22.03.2018;13190;;;13545;;;13655;;;13060;;
23.03.2018;12950;;;13165;;;13265;;;12900;;
26.03.2018;12955;;;12930;;;13090;;;12820;;
27.03.2018;13000;;;13040;;;13215;;;12930;;
28.03.2018;13130;;;12960;;;13140;;;12870;;
29.03.2018;13300;;;13065;;;13415;;;13020;;
03.04.2018;13465;;;13460;;;13660;;;13415;;
04.04.2018;13150;;;13505;;;13540;;;12980;;
05.04.2018;13325;;;13210;;;13495;;;13205;;
06.04.2018;13270;;;13280;;;13320;;;12909;;
09.04.2018;13435;;;13310;;;13500;;;13095;;
10.04.2018;13695;;;13450;;;13800;;;13405;;
11.04.2018;13865;;;13730;;;13900;;;13565;;
12.04.2018;13715;;;13820;;;13850;;;13475;;
13.04.2018;13940;;;13770;;;14080;;;13705;;
16.04.2018;14335;;;13925;;;14375;;;13860;;
17.04.2018;14215;;;14180;;;14335;;;13875;;
18.04.2018;15275;;;14300;;;15875;;;14205;;
19.04.2018;15075;;;15325;;;16690;;;14810;;
20.04.2018;14830;;;14955;;;15235;;;14530;;
23.04.2018;14265;;;14875;;;14880;;;13830;;
24.04.2018;13985;;;14220;;;14450;;;13979;;
25.04.2018;14145;;;14035;;;14245;;;13940;;
26.04.2018;14235;;;14185;;;14300;;;13920;;
27.04.2018;13885;;;14255;;;14300;;;13805;;
30.04.2018;13650;;;13840;;;13940;;;13649;;
01.05.2018;13650;;;13670;;;13830;;;13555;;
02.05.2018;13980;;;13795;;;14040;;;13795;;
03.05.2018;13775;;;13935;;;14200;;;13770;;
04.05.2018;14025;;;13905;;;14065;;;13810;;
08.05.2018;13885;;;13980;;;14110;;;13745;;
09.05.2018;13925;;;13965;;;13965;;;13760;;
10.05.2018;13880;;;13925;;;13950;;;13795;;
11.05.2018;14055;;;13875;;;14125;;;13780;;
14.05.2018;14500;;;14050;;;14520;;;14035;;
15.05.2018;14425;;;14465;;;14660;;;14205;;
16.05.2018;14475;;;14475;;;14635;;;14360;;
17.05.2018;14595;;;14455;;;14750;;;14455;;
18.05.2018;14750;;;14605;;;14870;;;14580;;
21.05.2018;14675;;;14690;;;14740;;;14545;;
22.05.2018;14780;;;14730;;;14835;;;14565;;
23.05.2018;14650;;;14790;;;14795;;;14430;;
24.05.2018;14900;;;14605;;;14935;;;14530;;
25.05.2018;14780;;;14895;;;15055;;;14675;;
29.05.2018;14905;;;14865;;;15020;;;14775;;
30.05.2018;15130;;;14820;;;15190;;;14685;;
31.05.2018;15220;;;15100;;;15370;;;15070;;
01.06.2018;15445;;;15295;;;15690;;;15105;;
04.06.2018;15485;;;15390;;;15515;;;15245;;
05.06.2018;15750;;;15485;;;15810;;;15255;;
06.06.2018;15635;;;15765;;;15845;;;15620;;
07.06.2018;15520;;;15650;;;15840;;;15360;;
08.06.2018;15420;;;15420;;;15520;;;15280;;
11.06.2018;15290;;;15455;;;15545;;;15250;;
12.06.2018;15210;;;15250;;;15395;;;15155;;
13.06.2018;15625;;;15260;;;15730;;;15170;;
14.06.2018;15285;;;15690;;;15690;;;15105;;
15.06.2018;15185;;;15250;;;15400;;;15100;;
18.06.2018;14975;;;15180;;;15335;;;14925;;
19.06.2018;14655;;;15005;;;15055;;;14580;;
20.06.2018;14975;;;14705;;;15030;;;14700;;
21.06.2018;14990;;;14950;;;15195;;;14925;;
22.06.2018;15265;;;15070;;;15390;;;14985;;
25.06.2018;14730;;;15370;;;15410;;;14729;;
26.06.2018;14785;;;14795;;;14915;;;14550;;
27.06.2018;14880;;;14890;;;15020;;;14505;;
28.06.2018;14785;;;14825;;;15010;;;14720;;
29.06.2018;14900;;;14815;;;15095;;;14760;;
02.07.2018;14550;;;14910;;;14940;;;14525;;
03.07.2018;14445;;;14570;;;14750;;;14330;;
04.07.2018;14145;;;14365;;;14480;;;13995;;
05.07.2018;14195;;;14145;;;14385;;;14040;;
06.07.2018;13945;;;14215;;;14255;;;13830;;
09.07.2018;14065;;;13975;;;14240;;;13975;;
10.07.2018;14155;;;14100;;;14285;;;14000;;
11.07.2018;13880;;;14085;;;14085;;;13570;;
12.07.2018;14195;;;13945;;;14410;;;13880;;
13.07.2018;13975;;;14255;;;14305;;;13915;;
16.07.2018;13670;;;13985;;;14050;;;13605;;
17.07.2018;13490;;;13625;;;13765;;;13475;;
18.07.2018;13615;;;13510;;;13700;;;13305;;
19.07.2018;13340;;;13680;;;13780;;;13210;;
20.07.2018;13530;;;13450;;;13630;;;13305;;
23.07.2018;13400;;;13590;;;13640;;;13350;;
24.07.2018;13600;;;13370;;;13770;;;13265;;
25.07.2018;13680;;;13630;;;13840;;;13565;;
26.07.2018;13775;;;13800;;;13840;;;13605;;
27.07.2018;13860;;;13770;;;13895;;;13670;;
30.07.2018;13860;;;13810;;;13895;;;13660;;
31.07.2018;14030;;;13865;;;14120;;;13800;;
01.08.2018;13590;;;14000;;;14070;;;13360;;
02.08.2018;13330;;;13405;;;13570;;;13275;;
03.08.2018;13550;;;13330;;;13560;;;13080;;
06.08.2018;13685;;;13500;;;13725;;;13299;;
07.08.2018;13850;;;13725;;;13920;;;13600;;
08.08.2018;14050;;;13885;;;14060;;;13845;;
09.08.2018;13885;;;14015;;;14145;;;13845;;
10.08.2018;13820;;;13870;;;13990;;;13625;;
13.08.2018;13555;;;13790;;;13895;;;13475;;
14.08.2018;13425;;;13575;;;13605;;;13380;;
15.08.2018;12850;;;13415;;;13465;;;12770;;
16.08.2018;13325;;;12900;;;13465;;;12835;;
17.08.2018;13480;;;13335;;;13630;;;13195;;
20.08.2018;13560;;;13625;;;13840;;;13490;;
21.08.2018;13560;;;13690;;;13775;;;13510;;
22.08.2018;13525;;;13540;;;13730;;;13455;;
23.08.2018;13275;;;13560;;;13560;;;13185;;
24.08.2018;13415;;;13240;;;13480;;;13225;;
28.08.2018;13675;;;13435;;;13680;;;13310;;
29.08.2018;13500;;;13610;;;13660;;;13435;;
30.08.2018;13285;;;13460;;;13565;;;13210;;
31.08.2018;12800;;;13260;;;13350;;;12775;;
03.09.2018;12790;;;12815;;;12855;;;12695;;
04.09.2018;12470;;;12760;;;12805;;;12375;;
05.09.2018;12440;;;12510;;;12630;;;12360;;
06.09.2018;12445;;;12485;;;12595;;;12390;;
07.09.2018;12355;;;12470;;;12550;;;12225;;
10.09.2018;12410;;;12300;;;12500;;;12255;;
11.09.2018;12230;;;12425;;;12445;;;12165;;
12.09.2018;12620;;;12245;;;12655;;;12085;;
13.09.2018;12605;;;12635;;;12780;;;12560;;
14.09.2018;12655;;;12605;;;12705;;;12400;;
17.09.2018;12240;;;12420;;;12435;;;12239;;
18.09.2018;12400;;;12250;;;12465;;;12130;;
19.09.2018;12510;;;12385;;;12620;;;12310;;
20.09.2018;12625;;;12510;;;12690;;;12450;;
21.09.2018;13250;;;12685;;;13300;;;12685;;
24.09.2018;12955;;;13150;;;13225;;;12780;;
25.09.2018;12950;;;12840;;;13020;;;12750;;
26.09.2018;12820;;;12945;;;13075;;;12780;;
27.09.2018;12560;;;12825;;;12900;;;12505;;
28.09.2018;12600;;;12580;;;12795;;;12520;;
01.10.2018;12505;;;12535;;;12590;;;12330;;
02.10.2018;12515;;;12375;;;12630;;;12320;;
03.10.2018;12770;;;12490;;;12965;;;12440;;
04.10.2018;12490;;;12875;;;12990;;;12400;;
05.10.2018;12620;;;12570;;;12730;;;12360;;
08.10.2018;12575;;;12640;;;12675;;;12410;;
09.10.2018;13010;;;12660;;;13020;;;12595;;
10.10.2018;12680;;;13000;;;13015;;;12679;;
11.10.2018;12675;;;12645;;;12780;;;12385;;
12.10.2018;12655;;;12630;;;12875;;;12610;;
15.10.2018;12615;;;12705;;;12815;;;12550;;
16.10.2018;12595;;;12595;;;12630;;;12395;;
17.10.2018;12375;;;12520;;;12615;;;12330;;
18.10.2018;12350;;;12375;;;12420;;;12200;;
19.10.2018;12450;;;12325;;;12625;;;12325;;
22.10.2018;12530;;;12510;;;12725;;;12455;;
23.10.2018;12375;;;12450;;;12545;;;12355;;
24.10.2018;12225;;;12420;;;12535;;;12200;;
25.10.2018;12150;;;12215;;;12335;;;12080;;
26.10.2018;11900;;;12180;;;12180;;;11810;;
29.10.2018;11755;;;11905;;;11945;;;11700;;
30.10.2018;11765;;;11745;;;11855;;;11705;;
31.10.2018;11500;;;11765;;;11795;;;11475;;
01.11.2018;11785;;;11555;;;11915;;;11495;;
02.11.2018;11930;;;11860;;;12160;;;11770;;
05.11.2018;11750;;;11940;;;11960;;;11690;;
06.11.2018;11775;;;11740;;;11920;;;11730;;
07.11.2018;11820;;;11830;;;11920;;;11625;;
08.11.2018;11780;;;11755;;;11815;;;11585;;
09.11.2018;11470;;;11750;;;11765;;;11400;;
12.11.2018;11400;;;11400;;;11445;;;11310;;
13.11.2018;11345;;;11330;;;11570;;;11255;;
14.11.2018;11310;;;11345;;;11360;;;11240;;
15.11.2018;11260;;;11315;;;11555;;;11250;;
16.11.2018;11360;;;11320;;;11485;;;11280;;
19.11.2018;11180;;;11395;;;11410;;;11175;;
20.11.2018;11095;;;11195;;;11340;;;11050;;
21.11.2018;11020;;;11080;;;11160;;;11010;;
22.11.2018;10970;;;11035;;;11090;;;10950;;
23.11.2018;10915;;;10955;;;10955;;;10735;;
26.11.2018;10875;;;10885;;;10890;;;10735;;
27.11.2018;10775;;;10870;;;10885;;;10720;;
28.11.2018;10800;;;10755;;;10920;;;10740;;
29.11.2018;11055;;;10865;;;11070;;;10790;;
30.11.2018;11200;;;11010;;;11201;;;10945;;
03.12.2018;11250;;;11290;;;11440;;;11125;;
04.12.2018;11150;;;11195;;;11415;;;11080;;
05.12.2018;11225;;;11105;;;11235;;;11050;;
06.12.2018;10850;;;11190;;;11200;;;10760;;
07.12.2018;10910;;;10860;;;11000;;;10830;;
10.12.2018;10800;;;10920;;;10940;;;10770;;
11.12.2018;10770;;;10790;;;10945;;;10725;;
12.12.2018;10795;;;10775;;;10845;;;10719;;
13.12.2018;10850;;;10790;;;10945;;;10725;;
14.12.2018;11080;;;10845;;;11081;;;10755;;
17.12.2018;10985;;;11015;;;11115;;;10970;;
18.12.2018;10835;;;10995;;;11080;;;10775;;
19.12.2018;10950;;;10840;;;11015;;;10810;;
20.12.2018;10910;;;10950;;;11000;;;10815;;
21.12.2018;10875;;;10955;;;10980;;;10840;;
24.12.2018;10890;;;10885;;;10980;;;10860;;
27.12.2018;10765;;;10810;;;10810;;;10700;;
28.12.2018;10730;;;10750;;;10770;;;10635;;
31.12.2018;10690;;;10765;;;10980;;;10630;;
02.01.2019;10875;;;10670;;;10876;;;10525;;
03.01.2019;10875;;;10810;;;10930;;;10675;;
04.01.2019;11110;;;10840;;;11165;;;10825;;
07.01.2019;11155;;;11120;;;11195;;;11080;;
08.01.2019;11180;;;11145;;;11265;;;11040;;
09.01.2019;11250;;;11260;;;11330;;;11175;;
10.01.2019;11250;;;11255;;;11315;;;11160;;
11.01.2019;11460;;;11230;;;11515;;;11200;;
14.01.2019;11390;;;11440;;;11510;;;11335;;
15.01.2019;11670;;;11405;;;11690;;;11390;;
16.01.2019;11630;;;11605;;;11770;;;11580;;
17.01.2019;11590;;;11600;;;11670;;;11455;;
18.01.2019;11820;;;11615;;;11855;;;11595;;
21.01.2019;11800;;;11805;;;11885;;;11725;;
22.01.2019;11585;;;11805;;;11835;;;11550;;
23.01.2019;11700;;;11590;;;11725;;;11580;;
24.01.2019;11770;;;11705;;;11790;;;11590;;
25.01.2019;11965;;;11760;;;11990;;;11750;;
28.01.2019;11825;;;11955;;;12020;;;11823,5;;
29.01.2019;12120;;;11845;;;12200;;;11755;;
30.01.2019;12350;;;12150;;;12455;;;12145;;
31.01.2019;12480;;;12380;;;12515;;;12325;;
01.02.2019;12660;;;12465;;;12700;;;12310;;
04.02.2019;13260;;;12580;;;13275;;;12580;;
05.02.2019;13040;;;13225;;;13265;;;12860;;
06.02.2019;12925;;;13075;;;13350;;;12860;;
07.02.2019;12985;;;12880;;;13035;;;12855;;
08.02.2019;12570;;;12890;;;12890;;;12480;;
11.02.2019;12490;;;12570;;;12730;;;12415;;
12.02.2019;12410;;;12465;;;12575;;;12210;;
13.02.2019;12405;;;12375;;;12460;;;12300;;
14.02.2019;12200;;;12400;;;12475;;;12145;;
15.02.2019;12400;;;12195;;;12425;;;12080;;
18.02.2019;12455;;;12410;;;12530;;;12290;;
19.02.2019;12660;;;12460;;;12690;;;12385;;
20.02.2019;12905;;;12665;;;12950;;;12625;;
21.02.2019;12850;;;12890;;;12940;;;12775;;
22.02.2019;12990;;;12850;;;13100;;;12785;;
25.02.2019;12975;;;13035;;;13175;;;12875;;
26.02.2019;12960;;;12965;;;13000;;;12850;;
27.02.2019;13055;;;12940;;;13110;;;12845;;
28.02.2019;13050;;;13065;;;13165;;;13025;;
01.03.2019;13195;;;13065;;;13400;;;12995;;
04.03.2019;13255;;;13215;;;13485;;;13175;;
05.03.2019;13650;;;13280;;;13725;;;13265;;
06.03.2019;13585;;;13645;;;13765;;;13565;;
07.03.2019;13235;;;13640;;;13675;;;13115;;
08.03.2019;13090;;;13205;;;13235;;;13060;;
11.03.2019;12900;;;13080;;;13175;;;12880;;
12.03.2019;13105;;;12930;;;13260;;;12925;;
13.03.2019;13210;;;13135;;;13230;;;12910;;
14.03.2019;12890;;;13185;;;13200;;;12815;;
15.03.2019;12930;;;12900;;;13045;;;12845;;
18.03.2019;13023;;;12945;;;13065;;;12835;;
19.03.2019;13149;;;13020;;;13290;;;13020;;
20.03.2019;13218;;;13155;;;13365;;;13100;;
21.03.2019;12996;;;13340;;;13370;;;12900;;
22.03.2019;12995;;;13025;;;13070;;;12905;;
25.03.2019;12966;;;12975;;;12995;;;12840;;
26.03.2019;13080;;;12960;;;13155;;;12845;;
27.03.2019;13064;;;13100;;;13145;;;12880;;
28.03.2019;12887;;;13050;;;13050;;;12825;;
29.03.2019;12984;;;12885;;;13170;;;12880;;
01.04.2019;13107;;;13030;;;13335;;;13030;;
02.04.2019;13141;;;13110;;;13200;;;12950;;
03.04.2019;13329;;;13160;;;13430;;;13155;;
04.04.2019;13160;;;13355;;;13395;;;12995;;
05.04.2019;13071;;;13175;;;13280;;;13045;;
08.04.2019;13182;;;13080;;;13325;;;13080;;
09.04.2019;13196;;;13205;;;13315;;;13095;;
10.04.2019;13221;;;13230;;;13305;;;13150;;
11.04.2019;12976;;;13190;;;13205;;;12865;;
12.04.2019;13022;;;12970;;;13060;;;12885;;
15.04.2019;12991;;;12995;;;13065;;;12860;;
16.04.2019;12953;;;12995;;;13160;;;12900;;
17.04.2019;12893;;;12935;;;13160;;;12850;;
18.04.2019;12672;;;12905;;;12920;;;12625;;
23.04.2019;12391;;;12660;;;12660;;;12380;;
24.04.2019;12407;;;12410;;;12500;;;12385;;
25.04.2019;12325;;;12425;;;12475;;;12310;;
26.04.2019;12424;;;12330;;;12515;;;12315;;
29.04.2019;12410;;;12430;;;12510;;;12380;;
30.04.2019;12201;;;12425;;;12485;;;12185;;
01.05.2019;12159;;;12260;;;12325;;;12150;;
02.05.2019;12124;;;12160;;;12215;;;12110;;
03.05.2019;12179;;;12175;;;12390;;;12115;;
07.05.2019;12039;;;12110;;;12160;;;11990;;
08.05.2019;11944;;;12035;;;12140;;;11935;;
09.05.2019;11778;;;11950;;;11960;;;11730;;
10.05.2019;11921;;;11855;;;12070;;;11855;;
13.05.2019;11786;;;11910;;;11930;;;11725;;
14.05.2019;11920;;;11785;;;11960;;;11735;;
15.05.2019;12149;;;11940;;;12165;;;11895;;
16.05.2019;12176;;;12170;;;12235;;;12060;;
17.05.2019;12013;;;12130;;;12160;;;12000;;
20.05.2019;11975;;;12015;;;12065;;;11875;;
21.05.2019;12071;;;12015;;;12140;;;11920;;
22.05.2019;11981;;;12075;;;12090;;;11910;;
23.05.2019;11895;;;11955;;;11965;;;11815;;
24.05.2019;12355;;;11895;;;12495;;;11890;;
28.05.2019;12128;;;12455;;;12460;;;12075;;
29.05.2019;12050;;;12140;;;12165;;;12035;;
30.05.2019;12171;;;12050;;;12185;;;12000;;
31.05.2019;12017;;;12085;;;12175;;;11980;;
03.06.2019;11878;;;11995;;;12030;;;11865;;
04.06.2019;11811;;;11885;;;11925;;;11790;;
05.06.2019;11721;;;11810;;;11855;;;11705;;
06.06.2019;11666;;;11720;;;11855;;;11625;;
07.06.2019;11617;;;11685;;;11765;;;11605;;
10.06.2019;11646;;;11640;;;11850;;;11610;;
11.06.2019;11885;;;11630;;;12025;;;11630;;
12.06.2019;11841;;;11900;;;11975;;;11790;;
13.06.2019;11836;;;11870;;;12040;;;11785;;
14.06.2019;11864;;;11850;;;12065;;;11840;;
17.06.2019;11769;;;11930;;;12000;;;11725;;
18.06.2019;11950;;;11770;;;12050;;;11730;;
19.06.2019;12090;;;11960;;;12180;;;11855;;
20.06.2019;12300;;;12145;;;12390;;;12110;;
21.06.2019;12090;;;12325;;;12325;;;12050;;
24.06.2019;12140;;;12120;;;12230;;;12015;;
25.06.2019;12300;;;12200;;;12375;;;12150;;
26.06.2019;12490;;;12305;;;12510;;;12235;;
27.06.2019;12710;;;12500;;;12770;;;12435;;
28.06.2019;12690;;;12720;;;12775;;;12585;;
01.07.2019;12350;;;12780;;;12850;;;12260;;
02.07.2019;12095;;;12310;;;12330;;;12015;;
03.07.2019;12350;;;12125;;;12385;;;12075;;
04.07.2019;12340;;;12355;;;12425;;;12255;;
05.07.2019;12480;;;12365;;;12480;;;12240;;
08.07.2019;12720;;;12450;;;12725;;;12430;;
09.07.2019;12700;;;12705;;;12775;;;12555;;
10.07.2019;12990;;;12745;;;13030;;;12710;;
11.07.2019;13130;;;13040;;;13200;;;13000;;
12.07.2019;13470;;;13115;;;13590;;;13060;;
15.07.2019;13665;;;13540;;;13725;;;13370;;
16.07.2019;14070;;;13650;;;14200;;;13570;;
17.07.2019;14450;;;13945;;;14460;;;13900;;
18.07.2019;14860;;;14330;;;15115;;;14300;;
19.07.2019;14730;;;14850;;;15105;;;14365;;
22.07.2019;14300;;;14655;;;14685;;;14150;;
23.07.2019;14170;;;14240;;;14430;;;14080;;
24.07.2019;14550;;;14205;;;14551;;;14145;;
25.07.2019;14075;;;14530;;;14545;;;13930;;
26.07.2019;14100;;;14030;;;14235;;;13955;;
29.07.2019;14350;;;14140;;;14385;;;13885;;
30.07.2019;14360;;;14355;;;14485;;;14215;;
31.07.2019;14490;;;14310;;;14555;;;14255;;
01.08.2019;14595;;;14485;;;14765;;;14220;;
02.08.2019;14450;;;14375;;;14600;;;14175;;
05.08.2019;14880;;;14450;;;14970;;;14285;;
06.08.2019;14945;;;14850;;;15090;;;14795;;
07.08.2019;14810;;;14950;;;15520;;;14610;;
08.08.2019;15880;;;15420;;;16690;;;15315;;
09.08.2019;15550;;;15830;;;15910;;;15500;;
12.08.2019;15710;;;15665;;;16145;;;15020;;
13.08.2019;15925;;;15640;;;15985;;;15619;;
14.08.2019;15970;;;15785;;;16090;;;15480;;
15.08.2019;16250;;;15900;;;16385;;;15765;;
16.08.2019;16200;;;16220;;;16395;;;16010;;
19.08.2019;15920;;;16150;;;16185;;;15795;;
20.08.2019;15860;;;15925;;;16175;;;15630;;
21.08.2019;15825;;;15820;;;16000;;;15685;;
22.08.2019;15660;;;15785;;;15820;;;15535;;
23.08.2019;15660;;;15650;;;15860;;;15380;;
27.08.2019;15700;;;15750;;;15910;;;15625;;
28.08.2019;16085;;;15665;;;16340;;;15655;;
29.08.2019;16450;;;16265;;;16605;;;16010;;
30.08.2019;17900;;;16420;;;18135;;;16385;;
02.09.2019;18060;;;17860;;;18850;;;17770;;
03.09.2019;17985;;;17995;;;18710;;;17790;;
04.09.2019;18000;;;17860;;;18200;;;17830;;
05.09.2019;17500;;;18075;;;18100;;;17375;;
06.09.2019;17685;;;17500;;;17950;;;17355;;
09.09.2019;18050;;;17860;;;18225;;;17400;;
10.09.2019;18045;;;18300;;;18340;;;17880;;
11.09.2019;17850;;;17995;;;18200;;;17790;;
12.09.2019;17990;;;17885;;;18400;;;17820;;
13.09.2019;17750;;;18010;;;18150;;;17500;;
16.09.2019;17370;;;17800;;;17900;;;17105;;
17.09.2019;17045;;;17300;;;17300;;;16790;;
18.09.2019;17200;;;17025;;;17270;;;16970;;
19.09.2019;17280;;;17190;;;17345;;;17060;;
20.09.2019;17455;;;17310;;;17890;;;17260;;
23.09.2019;17470;;;17460;;;17700;;;17260;;
24.09.2019;17180;;;17370;;;17500;;;17030;;
25.09.2019;17325;;;17165;;;17375;;;16980;;
26.09.2019;17210;;;17325;;;17415;;;17115;;
27.09.2019;17205;;;17195;;;17425;;;17175;;
30.09.2019;17050;;;17240;;;17635;;;17000;;
01.10.2019;17220;;;17120;;;17380;;;16895;;
02.10.2019;17485;;;17370;;;17550;;;17320;;
03.10.2019;17625;;;17590;;;17665;;;17525;;
04.10.2019;17790;;;17655;;;17815;;;17435;;
07.10.2019;17725;;;17770;;;17820;;;17670;;
08.10.2019;17570;;;17690;;;17690;;;17135;;
09.10.2019;17360;;;17460;;;17645;;;17280;;
10.10.2019;17625;;;17335;;;17685;;;17300;;
11.10.2019;17550;;;17565;;;17805;;;17445;;
14.10.2019;16550;;;17500;;;17545;;;16500;;
15.10.2019;16995;;;17195;;;17285;;;16710;;
16.10.2019;16450;;;16990;;;17020;;;16350;;
17.10.2019;16270;;;16375;;;16455;;;16085;;
18.10.2019;16230;;;16235;;;16485;;;16190;;
21.10.2019;16100;;;16250;;;16251;;;16050;;
22.10.2019;16500;;;16085;;;16645;;;16034;;
23.10.2019;16590;;;16575;;;16715;;;16255;;
24.10.2019;16860;;;16605;;;16970;;;16530;;
25.10.2019;16775;;;16860;;;16930;;;16675;;
28.10.2019;16640;;;16830;;;17015;;;16450;;
29.10.2019;16830;;;16565;;;17000;;;16565;;
30.10.2019;16780;;;16800;;;16920;;;16705;;
31.10.2019;16645;;;16800;;;16895;;;16525;;
01.11.2019;16775;;;16700;;;16815;;;16650;;
04.11.2019;16380;;;16735;;;16775;;;16280;;
05.11.2019;16280;;;16325;;;16370;;;16165;;
06.11.2019;16245;;;16280;;;16460;;;16120;;
07.11.2019;16200;;;16210;;;16590;;;16170;;
08.11.2019;16190;;;16220;;;16300;;;15845;;
11.11.2019;15565;;;16155;;;16155;;;15500;;
12.11.2019;15660;;;15575;;;15675;;;15385;;
13.11.2019;15380;;;15640;;;15675;;;15379;;
14.11.2019;15150;;;15400;;;15500;;;15070;;
15.11.2019;14975;;;15130;;;15155;;;14930;;
18.11.2019;14845;;;14965;;;14980;;;14615;;
19.11.2019;14690;;;14785;;;14800;;;14475;;
20.11.2019;14360;;;14645;;;14695;;;14290;;
21.11.2019;14485;;;14325;;;14520;;;14150;;
22.11.2019;14635;;;14505;;;14675;;;14220;;
25.11.2019;14480;;;14640;;;14745;;;14435;;
26.11.2019;14595;;;14475;;;14596;;;14350;;
27.11.2019;14380;;;14530;;;14570;;;14335;;
28.11.2019;14010;;;14355;;;14355;;;13930;;
29.11.2019;13670;;;13975;;;14040;;;13650;;
02.12.2019;13715;;;13670;;;13815;;;13610;;
03.12.2019;13375;;;13715;;;13780;;;13205;;
04.12.2019;13120;;;13350;;;13365;;;13115;;
05.12.2019;13275;;;13135;;;13445;;;13030;;
06.12.2019;13475;;;13280;;;13570;;;13280;;
09.12.2019;13340;;;13490;;;13495;;;13170;;
10.12.2019;13405;;;13320;;;13540;;;12900;;
11.12.2019;13850;;;13425;;;13865;;;13380;;
12.12.2019;14100;;;13860;;;14101;;;13700;;
13.12.2019;14170;;;14060;;;14270;;;13955;;
16.12.2019;14200;;;14195;;;14255;;;14015;;
17.12.2019;13960;;;14210;;;14290;;;13959;;
18.12.2019;13870;;;14010;;;14055;;;13820;;
19.12.2019;14170;;;13885;;;14240;;;13875;;
20.12.2019;14525;;;14200;;;14526;;;14160;;
23.12.2019;14350;;;14495;;;14510;;;14340;;
24.12.2019;14340;;;14375;;;14485;;;14195;;
27.12.2019;14210;;;14220;;;14280;;;14035;;
30.12.2019;14315;;;14230;;;14365;;;14165;;
31.12.2019;14025;;;14315;;;14325;;;13910;;
02.01.2020;14260;;;14130;;;14265;;;14040;;
03.01.2020;13755;;;14250;;;14280;;;13740;;
06.01.2020;13820;;;13750;;;13860;;;13625;;
07.01.2020;13935;;;13805;;;13995;;;13680;;
08.01.2020;14050;;;13855;;;14135;;;13755;;
09.01.2020;14085;;;14070;;;14250;;;14060;;
10.01.2020;14190;;;14120;;;14250;;;14055;;
13.01.2020;14095;;;14225;;;14350;;;14055;;
14.01.2020;13870;;;14110;;;14155;;;13645;;
15.01.2020;14340;;;13870;;;14385;;;13715;;
16.01.2020;13775;;;14350;;;14435;;;13760;;
17.01.2020;13910;;;13815;;;13985;;;13805;;
20.01.2020;14020;;;13955;;;14175;;;13835;;
21.01.2020;13665;;;14010;;;14065;;;13640;;
22.01.2020;13640;;;13670;;;13890;;;13505;;
23.01.2020;13350;;;13660;;;13675;;;13310;;
24.01.2020;12950;;;13345;;;13395;;;12935;;
27.01.2020;12615;;;12920;;;13040;;;12560;;
28.01.2020;12550;;;12610;;;12970;;;12549;;
29.01.2020;12550;;;12575;;;12765;;;12510;;
30.01.2020;12620;;;12665;;;12750;;;12525;;
31.01.2020;12850;;;12650;;;12925;;;12550;;
03.02.2020;12725;;;12785;;;12940;;;12695;;
04.02.2020;12830;;;12735;;;13365;;;12735;;
05.02.2020;13160;;;12925;;;13270;;;12925;;
06.02.2020;13060;;;13220;;;13310;;;13059;;
07.02.2020;12770;;;13105;;;13210;;;12755;;
10.02.2020;12885;;;12800;;;13080;;;12800;;
11.02.2020;13110;;;12950;;;13275;;;12950;;
12.02.2020;13100;;;13140;;;13230;;;12934;;
13.02.2020;13285;;;13135;;;13295;;;13050;;
14.02.2020;13015;;;13270;;;13345;;;13010;;
17.02.2020;13110;;;13065;;;13210;;;13055;;
18.02.2020;12820;;;13150;;;13185;;;12770;;
19.02.2020;12830;;;12875;;;12985;;;12690;;
20.02.2020;12670;;;12855;;;12965;;;12650;;
21.02.2020;12530;;;12755;;;12785;;;12500;;
24.02.2020;12430;;;12500;;;12670;;;12370;;
25.02.2020;12450;;;12500;;;12765;;;12445;;
26.02.2020;12550;;;12520;;;12590;;;12350;;
27.02.2020;12375;;;12460;;;12555;;;12285;;
28.02.2020;12255;;;12405;;;12420;;;12140;;
02.03.2020;12700;;;12220;;;12745;;;12220;;
03.03.2020;12685;;;12735;;;12925;;;12500;;
04.03.2020;12680;;;12690;;;12820;;;12610;;
05.03.2020;12890;;;12715;;;12915;;;12675;;
06.03.2020;12840;;;12850;;;12885;;;12660;;
09.03.2020;12650;;;12760;;;12760;;;12300;;
10.03.2020;12680;;;12640;;;12995;;;12570;;
11.03.2020;12420;;;12775;;;12905;;;12350;;
12.03.2020;11830;;;12420;;;12495;;;11735;;
13.03.2020;12320;;;11915;;;12815;;;11735;;
16.03.2020;11935;;;12225;;;12465;;;11670;;
17.03.2020;11780;;;12040;;;12295;;;11775;;
18.03.2020;11395;;;11910;;;12165;;;11305;;
19.03.2020;11250;;;11455;;;11650;;;11085;;
20.03.2020;11225;;;11300;;;11700;;;11224;;
23.03.2020;10880;;;11190;;;11290;;;10865;;
24.03.2020;11258;;;11030;;;11300;;;10995;;
25.03.2020;11289;;;11330;;;11350;;;11100;;
26.03.2020;11211;;;11300;;;11325;;;11110;;
27.03.2020;11355;;;11255;;;11430;;;11215;;
30.03.2020;11320;;;11390;;;11455;;;11260;;
31.03.2020;11484;;;11330;;;11500;;;11230;;
01.04.2020;11261;;;11435;;;11435;;;11235;;
02.04.2020;11313;;;11260;;;11365;;;10950;;
03.04.2020;11239;;;11340;;;11355;;;11200;;
06.04.2020;11289;;;11225;;;11310;;;11200;;
07.04.2020;11471;;;11320;;;11520;;;11295;;
08.04.2020;11507;;;11415;;;11590;;;11330;;
09.04.2020;11672;;;11520;;;11705;;;11475;;
14.04.2020;11889;;;11720;;;11905;;;11715;;
15.04.2020;11773;;;11865;;;12000;;;11740;;
16.04.2020;11764;;;11775;;;11795;;;11620;;
17.04.2020;12042;;;11810;;;12070;;;11785;;
20.04.2020;12514;;;12055;;;12535;;;11920;;
21.04.2020;12197;;;12470;;;12500;;;12130;;
22.04.2020;12015;;;12200;;;12225;;;11775;;
23.04.2020;12169;;;11910;;;12240;;;11880;;
24.04.2020;12246;;;12170;;;12315;;;12045;;
27.04.2020;12244;;;12260;;;12595;;;12155;;
28.04.2020;12294;;;12250;;;12440;;;12080;;
29.04.2020;12315;;;12320;;;12370;;;12185;;
30.04.2020;12192;;;12320;;;12355;;;12130;;
01.05.2020;11955;;;12120;;;12200;;;11835;;
04.05.2020;11812;;;11885;;;11970;;;11800;;
05.05.2020;12002;;;11815;;;12050;;;11800;;
06.05.2020;12303;;;12040;;;12335;;;11875;;
07.05.2020;12330;;;12320;;;12400;;;12170;;
11.05.2020;12354;;;12400;;;12500;;;12215;;
12.05.2020;12324;;;12390;;;12475;;;12230;;
13.05.2020;12254;;;12280;;;12350;;;12135;;
14.05.2020;12072;;;12240;;;12315;;;11965;;
15.05.2020;11855;;;12080;;;12110;;;11820;;
18.05.2020;12250;;;11860;;;12270;;;11840;;
19.05.2020;12453;;;12285;;;12480;;;12230;;
20.05.2020;12667;;;12465;;;12710;;;12385;;
21.05.2020;12778;;;12700;;;12910;;;12410;;
22.05.2020;12250;;;12420;;;12655;;;12105;;
26.05.2020;12341;;;12215;;;12415;;;12195;;
27.05.2020;12116;;;12310;;;12335;;;12090;;
28.05.2020;12246;;;12155;;;12305;;;12135;;
29.05.2020;12324;;;12185;;;12395;;;12130;;
01.06.2020;12626;;;12400;;;12680;;;12400;;
02.06.2020;12853;;;12585;;;12885;;;12545;;
03.06.2020;12867;;;12865;;;12925;;;12665;;
04.06.2020;12773;;;12790;;;12845;;;12530;;
05.06.2020;12991;;;12800;;;13015;;;12745;;
08.06.2020;13064;;;12945;;;13115;;;12870;;
09.06.2020;12913;;;13060;;;13100;;;12720;;
10.06.2020;13007;;;12880;;;13065;;;12810;;
11.06.2020;12656;;;13020;;;13045;;;12600;;
12.06.2020;12665;;;12670;;;12825;;;12535;;
15.06.2020;12741;;;12670;;;12870;;;12470;;
16.06.2020;13024;;;12885;;;13035;;;12835;;
17.06.2020;12871;;;13020;;;13045;;;12815;;
18.06.2020;12894;;;12840;;;12950;;;12760;;
19.06.2020;12769;;;12880;;;13020;;;12720;;
22.06.2020;12647;;;12765;;;12815;;;12620;;
23.06.2020;12721;;;12635;;;12745;;;12525;;
24.06.2020;12547;;;12710;;;12760;;;12505;;
25.06.2020;12440;;;12515;;;12555;;;12425;;
26.06.2020;12684;;;12500;;;12805;;;12500;;
29.06.2020;12806;;;12685;;;12830;;;12565;;
30.06.2020;12805;;;12795;;;12880;;;12710;;
01.07.2020;12847;;;12805;;;12875;;;12605;;
02.07.2020;12947;;;12855;;;12965;;;12785;;
03.07.2020;12996;;;12915;;;13130;;;12905;;
06.07.2020;13336;;;12985;;;13400;;;12985;;
07.07.2020;13469;;;13400;;;13485;;;13260;;
08.07.2020;13493;;;13425;;;13500;;;13350;;
09.07.2020;13249;;;13475;;;13550;;;13155;;
10.07.2020;13515;;;13230;;;13570;;;13050;;
13.07.2020;13711;;;13555;;;13730;;;13480;;
14.07.2020;13585;;;13650;;;13670;;;13390;;
15.07.2020;13528;;;13605;;;13640;;;13340;;
16.07.2020;13459;;;13520;;;13520;;;13210;;
17.07.2020;13220;;;13400;;;13450;;;13080;;
20.07.2020;13236;;;13150;;;13350;;;13070;;
21.07.2020;13466;;;13200;;;13500;;;13180;;
22.07.2020;13136;;;13450;;;13600;;;13070;;
23.07.2020;13689;;;13080;;;13705;;;13070;;
24.07.2020;13656;;;13680;;;13790;;;13310;;
27.07.2020;13719;;;13650;;;13865;;;13650;;
28.07.2020;13660;;;13800;;;13995;;;13510;;
29.07.2020;13876;;;13720;;;13920;;;13635;;
30.07.2020;13726;;;13905;;;13990;;;13590;;
31.07.2020;13786;;;13810;;;13910;;;13675;;
03.08.2020;13945;;;13775;;;14025;;;13605;;
04.08.2020;14113;;;13945;;;14135;;;13865;;
05.08.2020;14419;;;14005;;;14640;;;14005;;
06.08.2020;14478;;;14290;;;14645;;;14290;;
07.08.2020;14380;;;14450;;;14535;;;14255;;
10.08.2020;14286;;;14395;;;14395;;;14085;;
11.08.2020;14350;;;14205;;;14370;;;14090;;
12.08.2020;14258;;;14350;;;14350;;;14000;;
13.08.2020;14101;;;14245;;;14280;;;14020;;
14.08.2020;14366;;;14070;;;14430;;;14050;;
17.08.2020;14599;;;14380;;;14700;;;14380;;
18.08.2020;14675;;;14650;;;14795;;;14545;;
19.08.2020;14725;;;14720;;;14845;;;14625;;
20.08.2020;14647;;;14620;;;14795;;;14470;;
21.08.2020;14691;;;14670;;;14765;;;14560;;
24.08.2020;14926;;;14745;;;14945;;;14745;;
25.08.2020;14976;;;14900;;;15010;;;14805;;
26.08.2020;15159;;;14980;;;15205;;;14975;;
27.08.2020;15191;;;15195;;;15260;;;15060;;
28.08.2020;15367;;;15150;;;15500;;;15145;;
01.09.2020;15534;;;15435;;;15745;;;15415;;
02.09.2020;15706;;;15540;;;15720;;;15490;;
03.09.2020;15095;;;15710;;;15810;;;15010;;
04.09.2020;15293;;;15045;;;15330;;;14995;;
07.09.2020;15186;;;15325;;;15410;;;15160;;
08.09.2020;14888;;;15195;;;15310;;;14675;;
09.09.2020;14921;;;14915;;;14965;;;14735;;
10.09.2020;14832;;;14910;;;14980;;;14735;;
11.09.2020;15094;;;14800;;;15145;;;14630;;
14.09.2020;15274;;;15130;;;15310;;;15075;;
15.09.2020;15198;;;15295;;;15365;;;15135;;
16.09.2020;15226;;;15235;;;15305;;;15075;;
17.09.2020;15084;;;15155;;;15155;;;14855;;
18.09.2020;14904;;;15110;;;15200;;;14810;;
21.09.2020;14541;;;14910;;;15005;;;14300;;
22.09.2020;14606;;;14545;;;14690;;;14470;;
23.09.2020;14431;;;14700;;;14700;;;14305;;
24.09.2020;14262;;;14365;;;14400;;;14125;;
25.09.2020;14264;;;14365;;;14490;;;14235;;
28.09.2020;14504;;;14390;;;14560;;;14245;;
29.09.2020;14456;;;14530;;;14645;;;14350;;
30.09.2020;14517;;;14425;;;14595;;;14270;;
01.10.2020;14343;;;14485;;;14645;;;14210;;
02.10.2020;14418;;;14360;;;14525;;;14045;;
05.10.2020;14644;;;14330;;;14660;;;14240;;
06.10.2020;14520;;;14590;;;14740;;;14480;;
07.10.2020;14604;;;14435;;;14710;;;14425;;
08.10.2020;14662;;;14585;;;14830;;;14525;;
09.10.2020;15221;;;14665;;;15265;;;14665;;
12.10.2020;15162;;;15150;;;15290;;;15045;;
13.10.2020;15040;;;15190;;;15260;;;14985;;
14.10.2020;15341;;;15045;;;15610;;;14985;;
15.10.2020;15422;;;15505;;;15575;;;15300;;
16.10.2020;15652;;;15400;;;15735;;;15400;;
19.10.2020;15684;;;15680;;;15815;;;15615;;
20.10.2020;16023;;;15645;;;16065;;;15615;;
21.10.2020;15886;;;16025;;;16135;;;15785;;
22.10.2020;15817;;;15895;;;15895;;;15705;;
23.10.2020;15712;;;15790;;;15900;;;15555;;
26.10.2020;15657;;;15595;;;15670;;;15360;;
27.10.2020;15906;;;15630;;;15940;;;15575;;
28.10.2020;15733;;;15865;;;16310;;;15635;;
29.10.2020;15532;;;15730;;;15980;;;15315;;
30.10.2020;15156;;;15545;;;15605;;;15140;;
02.11.2020;15160;;;15140;;;15290;;;15040;;
03.11.2020;15363;;;15230;;;15445;;;15180;;
04.11.2020;15346;;;15360;;;15455;;;14930;;
05.11.2020;15561;;;15395;;;15585;;;15240;;
06.11.2020;15362;;;15560;;;15655;;;15260;;
09.11.2020;15754;;;15460;;;15960;;;15445;;
10.11.2020;15903;;;15775;;;15945;;;15635;;
11.11.2020;15971;;;15925;;;16025;;;15700;;
12.11.2020;15936;;;15970;;;16090;;;15870;;
13.11.2020;15892;;;15910;;;15985;;;15730;;
16.11.2020;15894;;;15955;;;16150;;;15815;;
17.11.2020;15939;;;15930;;;15955;;;15655;;
18.11.2020;15809;;;15890;;;15915;;;15725;;
19.11.2020;15834;;;15710;;;15925;;;15630;;
20.11.2020;16151;;;15850;;;16170;;;15775;;
23.11.2020;15935;;;16155;;;16235;;;15895;;
24.11.2020;16242;;;16070;;;16260;;;16000;;
25.11.2020;16058;;;16260;;;16300;;;15930;;
26.11.2020;16272;;;16100;;;16320;;;16015;;
27.11.2020;16455;;;16275;;;16490;;;16265;;
30.11.2020;16033;;;16415;;;16525;;;15990;;
01.12.2020;16278;;;16055;;;16290;;;15965;;
02.12.2020;16000;;;16225;;;16265;;;15830;;
03.12.2020;15954;;;15970;;;16045;;;15820;;
04.12.2020;16399;;;15975;;;16420;;;15885;;
07.12.2020;16373;;;16370;;;16455;;;16290;;
08.12.2020;16398;;;16335;;;16540;;;16285;;
09.12.2020;16703;;;16400;;;16845;;;16360;;
10.12.2020;17430;;;16675;;;17505;;;16610;;
11.12.2020;17284;;;17430;;;17660;;;17135;;
14.12.2020;17590;;;17350;;;17780;;;17275;;
15.12.2020;17577;;;17600;;;17880;;;17485;;
16.12.2020;17411;;;17630;;;17720;;;17280;;
17.12.2020;17517;;;17400;;;17670;;;17310;;
18.12.2020;17484;;;17515;;;17715;;;17430;;
21.12.2020;17267;;;17455;;;17810;;;17065;;
22.12.2020;16614;;;17325;;;17425;;;16580;;
23.12.2020;16874;;;16685;;;16965;;;16295;;
24.12.2020;16993;;;16840;;;17130;;;16805;;
29.12.2020;16930;;;17225;;;17420;;;16860;;
30.12.2020;16779;;;16895;;;16985;;;16710;;
31.12.2020;16613;;;16780;;;16875;;;16560;;
04.01.2021;17404;;;16640;;;17520;;;16640;;
05.01.2021;17682;;;17395;;;17760;;;17330;;
06.01.2021;17773;;;17755;;;17940;;;17510;;
07.01.2021;18109;;;17800;;;18200;;;17755;;
08.01.2021;17667;;;18100;;;18170;;;17470;;
11.01.2021;17086;;;17545;;;17635;;;17040;;
12.01.2021;17668;;;17160;;;17725;;;17160;;
13.01.2021;17678;;;17780;;;17870;;;17495;;
14.01.2021;18281;;;17675;;;18400;;;17600;;
15.01.2021;18007;;;18350;;;18445;;;17790;;
18.01.2021;18056;;;18000;;;18240;;;18000;;
19.01.2021;18215;;;18135;;;18415;;;17950;;
20.01.2021;18222;;;18210;;;18260;;;18000;;
21.01.2021;18395;;;18210;;;18515;;;18205;;
22.01.2021;18269;;;18375;;;18410;;;17860;;
25.01.2021;18250;;;18210;;;18480;;;18115;;
26.01.2021;18057;;;18265;;;18350;;;18035;;
27.01.2021;17916;;;18095;;;18185;;;17685;;
28.01.2021;17800;;;17780;;;17975;;;17560;;
29.01.2021;17691;;;17780;;;18015;;;17520;;
01.02.2021;17860;;;17695;;;17965;;;17695;;
02.02.2021;17697;;;17875;;;17935;;;17655;;
03.02.2021;17645;;;17770;;;17825;;;17525;;
04.02.2021;17646;;;17635;;;17725;;;17465;;
05.02.2021;18029;;;17645;;;18120;;;17640;;
08.02.2021;18167;;;18090;;;18190;;;18040;;
09.02.2021;18370;;;18200;;;18425;;;18120;;
10.02.2021;18666;;;18365;;;18720;;;18255;;
11.02.2021;18620;;;18700;;;18720;;;18570;;
12.02.2021;18569;;;18660;;;18660;;;18260;;
15.02.2021;18623;;;18620;;;18785;;;18580;;
16.02.2021;18814;;;18625;;;18860;;;18510;;
17.02.2021;18760;;;18810;;;18830;;;18675;;
18.02.2021;19148;;;18765;;;19210;;;18725;;
19.02.2021;19588;;;19195;;;19810;;;19085;;
22.02.2021;19493;;;19705;;;20110;;;19310;;
23.02.2021;19352;;;19500;;;19900;;;18985;;
24.02.2021;19709;;;19370;;;19885;;;19105;;
25.02.2021;19202;;;19900;;;19970;;;18740;;
26.02.2021;18577;;;18860;;;19130;;;18515;;
01.03.2021;18682;;;18670;;;18890;;;18500;;
02.03.2021;18672;;;18650;;;18725;;;18275;;
03.03.2021;17417;;;18710;;;18740;;;17220;;
04.03.2021;16133;;;17220;;;17485;;;15830;;
05.03.2021;16425;;;15950;;;16690;;;15880;;
08.03.2021;16340;;;16550;;;16650;;;16065;;
09.03.2021;16082;;;16365;;;16410;;;15665;;
10.03.2021;16050;;;16125;;;16350;;;15935;;
11.03.2021;16239;;;16100;;;16535;;;16055;;
12.03.2021;16013;;;16320;;;16335;;;15900;;
15.03.2021;16214;;;16015;;;16375;;;15850;;
16.03.2021;16151;;;16180;;;16320;;;16025;;
17.03.2021;16071;;;16130;;;16215;;;15935;;
18.03.2021;16036;;;16190;;;16330;;;16010;;
19.03.2021;16299;;;16000;;;16335;;;15800;;
22.03.2021;16463;;;16250;;;16545;;;16155;;
23.03.2021;16149;;;16430;;;16685;;;16020;;
24.03.2021;16190;;;16105;;;16250;;;16050;;
25.03.2021;16152;;;16160;;;16235;;;15945;;
26.03.2021;16389;;;16185;;;16445;;;16155;;
29.03.2021;16216;;;16400;;;16460;;;16110;;
30.03.2021;15948;;;16175;;;16400;;;15845;;
31.03.2021;16068;;;15920;;;16175;;;15870;;
01.04.2021;16214;;;16175;;;16250;;;15940;;
06.04.2021;16740;;;16370;;;16795;;;16330;;
07.04.2021;16636;;;16740;;;16780;;;16590;;
08.04.2021;16828;;;16640;;;16875;;;16465;;
09.04.2021;16628;;;16810;;;16860;;;16550;;
12.04.2021;16134;;;16700;;;16700;;;16120;;
13.04.2021;16161;;;16175;;;16285;;;16050;;
14.04.2021;16378;;;16130;;;16395;;;16045;;
15.04.2021;16364;;;16345;;;16410;;;16065;;
16.04.2021;16363;;;16395;;;16485;;;16110;;
19.04.2021;16121;;;16205;;;16265;;;16010;;
20.04.2021;16038;;;16245;;;16320;;;15940;;
21.04.2021;16199;;;16015;;;16275;;;15970;;
22.04.2021;16063;;;16215;;;16235;;;15960;;
23.04.2021;16395;;;16000;;;16410;;;15925;;
26.04.2021;16666;;;16365;;;16695;;;16315;;
27.04.2021;16963;;;16700;;;17000;;;16660;;
28.04.2021;17429;;;16960;;;17440;;;16840;;
29.04.2021;17257;;;17430;;;17590;;;17170;;
30.04.2021;17674;;;17320;;;17700;;;17220;;
04.05.2021;17669;;;17675;;;17995;;;17610;;
05.05.2021;17896;;;17775;;;18035;;;17720;;
06.05.2021;17937;;;17820;;;18035;;;17430;;
07.05.2021;18082;;;17940;;;18115;;;17760;;
10.05.2021;17762;;;18150;;;18265;;;17630;;
11.05.2021;17936;;;17710;;;18050;;;17615;;
12.05.2021;17797;;;17955;;;18195;;;17675;;
13.05.2021;17323;;;17795;;;17795;;;17150;;
14.05.2021;17544;;;17315;;;17700;;;17060;;
17.05.2021;17911;;;17630;;;17950;;;17545;;
18.05.2021;17968;;;17955;;;18220;;;17935;;
19.05.2021;17322;;;17980;;;18090;;;17280;;
20.05.2021;17148;;;17315;;;17470;;;17050;;
21.05.2021;16791;;;17080;;;17185;;;16655;;
24.05.2021;17118;;;16700;;;17225;;;16620;;
25.05.2021;17040;;;17165;;;17220;;;16995;;
26.05.2021;17288;;;17065;;;17360;;;17045;;
27.05.2021;17898;;;17310;;;18205;;;17130;;
28.05.2021;18113;;;18035;;;18235;;;17770;;
01.06.2021;18130;;;18200;;;18410;;;18005;;
02.06.2021;18236;;;18145;;;18370;;;18065;;
03.06.2021;17891;;;18210;;;18475;;;17760;;
04.06.2021;18020;;;17945;;;18180;;;17800;;
07.06.2021;17892;;;18040;;;18040;;;17655;;
08.06.2021;17942;;;17980;;;18055;;;17740;;
09.06.2021;18136;;;17985;;;18200;;;17955;;
10.06.2021;18283;;;18145;;;18325;;;17800;;
11.06.2021;18227;;;18225;;;18430;;;18180;;
14.06.2021;18480;;;18335;;;18495;;;18250;;
15.06.2021;17739;;;18450;;;18450;;;17520;;
16.06.2021;17649;;;17615;;;17710;;;17425;;
17.06.2021;17174;;;17430;;;17520;;;17085;;
18.06.2021;17154;;;17210;;;17445;;;17105;;
21.06.2021;17450;;;17190;;;17555;;;17175;;
22.06.2021;17744;;;17465;;;17830;;;17425;;
23.06.2021;18064;;;17760;;;18080;;;17725;;
24.06.2021;18407;;;18060;;;18500;;;17900;;
25.06.2021;18523;;;18445;;;18595;;;18415;;
28.06.2021;18299;;;18550;;;18600;;;18210;;
29.06.2021;18358;;;18290;;;18415;;;18105;;
30.06.2021;18214;;;18400;;;18570;;;18175;;
01.07.2021;18105;;;18225;;;18310;;;18010;;
02.07.2021;18342;;;18100;;;18440;;;17930;;
05.07.2021;18412;;;18280;;;18510;;;18250;;
06.07.2021;17994;;;18435;;;18620;;;17930;;
07.07.2021;18310;;;18040;;;18465;;;17990;;
08.07.2021;18334;;;18310;;;18430;;;18160;;
09.07.2021;18747;;;18385;;;18780;;;18300;;
12.07.2021;18679;;;18745;;;18830;;;18460;;
13.07.2021;18778;;;18660;;;18860;;;18470;;
14.07.2021;18581;;;18700;;;18820;;;18520;;
15.07.2021;18768;;;18585;;;18810;;;18425;;
16.07.2021;19070;;;18765;;;19205;;;18685;;
19.07.2021;18462;;;19065;;;19155;;;18350;;
20.07.2021;18684;;;18425;;;18700;;;18395;;
21.07.2021;18580;;;18685;;;18685;;;18275;;
22.07.2021;18922;;;18640;;;18950;;;18520;;
23.07.2021;19372;;;18870;;;19500;;;18830;;
26.07.2021;19717;;;19490;;;19780;;;19395;;
27.07.2021;19357;;;19705;;;19795;;;19215;;
28.07.2021;19543;;;19370;;;19785;;;19370;;
29.07.2021;19835;;;19550;;;19910;;;19550;;
30.07.2021;19552;;;19875;;;19960;;;19415;;
02.08.2021;19516;;;19595;;;19760;;;19320;;
03.08.2021;19388;;;19430;;;19500;;;19125;;
04.08.2021;19243;;;19435;;;19480;;;19210;;
05.08.2021;19472;;;19285;;;19565;;;19140;;
06.08.2021;19214;;;19365;;;19570;;;19165;;
09.08.2021;18620;;;19150;;;19180;;;18540;;
10.08.2021;18952;;;18615;;;18985;;;18605;;
11.08.2021;19368;;;18890;;;19465;;;18680;;
12.08.2021;19678;;;19370;;;19765;;;19340;;
13.08.2021;19656;;;19675;;;19750;;;19540;;
16.08.2021;19510;;;19665;;;19695;;;19460;;
17.08.2021;19193;;;19580;;;19695;;;19090;;
18.08.2021;18887;;;19230;;;19360;;;18840;;
19.08.2021;18385;;;18910;;;18950;;;18345;;
20.08.2021;18463;;;18425;;;18680;;;18370;;
23.08.2021;18893;;;18445;;;19035;;;18445;;
24.08.2021;19074;;;18890;;;19250;;;18795;;
25.08.2021;19170;;;19020;;;19285;;;18960;;
26.08.2021;18772;;;19205;;;19250;;;18740;;
27.08.2021;19011;;;18805;;;19050;;;18635;;
31.08.2021;19547;;;19550;;;19810;;;19455;;
01.09.2021;19332;;;19575;;;19620;;;19250;;
02.09.2021;19464;;;19385;;;19565;;;19155;;
03.09.2021;19789;;;19440;;;19940;;;19295;;
06.09.2021;19654;;;19900;;;19925;;;19510;;
07.09.2021;19506;;;19595;;;19740;;;19415;;
08.09.2021;19713;;;19515;;;19835;;;19510;;
09.09.2021;20190;;;19695;;;20280;;;19650;;
10.09.2021;20392;;;20170;;;20705;;;20085;;
13.09.2021;19726;;;20475;;;20475;;;19550;;
14.09.2021;19623;;;19725;;;19850;;;19465;;
15.09.2021;20016;;;19610;;;20150;;;19530;;
16.09.2021;19401;;;19925;;;20010;;;19195;;
17.09.2021;19358;;;19330;;;20295;;;19200;;
20.09.2021;19056;;;19360;;;19385;;;18760;;
21.09.2021;18830;;;19005;;;19110;;;18395;;
22.09.2021;19221;;;18830;;;19335;;;18785;;
23.09.2021;19351;;;19140;;;19545;;;19010;;
24.09.2021;19387;;;19415;;;19445;;;19000;;
27.09.2021;18946;;;19270;;;19375;;;18820;;
28.09.2021;18564;;;18895;;;18895;;;18450;;
29.09.2021;18342;;;18545;;;18625;;;18070;;
30.09.2021;17936;;;18270;;;18635;;;17725;;
01.10.2021;17971;;;18015;;;18120;;;17705;;
04.10.2021;17924;;;18080;;;18190;;;17805;;
05.10.2021;18121;;;17940;;;18150;;;17750;;
06.10.2021;18072;;;18080;;;18175;;;17970;;
07.10.2021;18264;;;18105;;;18385;;;18015;;
08.10.2021;19221;;;18400;;;19270;;;18365;;
11.10.2021;19119;;;19160;;;19465;;;19065;;
12.10.2021;18978;;;19195;;;19360;;;18920;;
13.10.2021;18918;;;18985;;;19250;;;18830;;
14.10.2021;19294;;;19030;;;19450;;;18900;;
15.10.2021;20020;;;19310;;;20120;;;19235;;
18.10.2021;19997;;;19960;;;20260;;;19875;;
19.10.2021;20050;;;19920;;;20595;;;19900;;
20.10.2021;20963;;;20120;;;21235;;;19690;;
21.10.2021;19930;;;20950;;;21425;;;19800;;
22.10.2021;19739;;;19930;;;20235;;;19620;;
25.10.2021;20306;;;19860;;;20465;;;19760;;
26.10.2021;20091;;;20310;;;20470;;;20050;;
27.10.2021;19412;;;20270;;;20400;;;19350;;
28.10.2021;19574;;;19520;;;19810;;;19300;;
29.10.2021;19448;;;19650;;;19680;;;19160;;
01.11.2021;19702;;;19590;;;19755;;;19275;;
02.11.2021;19601;;;19655;;;19790;;;19215;;
03.11.2021;19162;;;19575;;;19880;;;19105;;
04.11.2021;19141;;;19290;;;19490;;;18970;;
05.11.2021;19434;;;19175;;;19570;;;19075;;
08.11.2021;19640;;;19435;;;19670;;;19205;;
09.11.2021;19401;;;19590;;;19750;;;19345;;
10.11.2021;19754;;;19455;;;19820;;;19330;;
11.11.2021;19759;;;19570;;;19850;;;19530;;
12.11.2021;19979;;;19770;;;20020;;;19665;;
15.11.2021;19594;;;19990;;;20030;;;19550;;
16.11.2021;19394;;;19635;;;19830;;;19350;;
17.11.2021;19355;;;19410;;;19515;;;19225;;
18.11.2021;19639;;;19290;;;19845;;;19150;;
19.11.2021;20044;;;19590;;;20120;;;19550;;
22.11.2021;20336;;;19990;;;20380;;;19910;;
23.11.2021;20349;;;20315;;;20685;;;20220;;
24.11.2021;20846;;;20405;;;21240;;;20345;;
25.11.2021;20667;;;20900;;;21100;;;20520;;
26.11.2021;19897;;;20705;;;20730;;;19705;;
29.11.2021;20141;;;20050;;;20380;;;19985;;
30.11.2021;19897;;;20200;;;20320;;;19860;;
01.12.2021;19946;;;19950;;;20276;;;19900;;
02.12.2021;19953;;;19930;;;20190;;;19830;;
03.12.2021;20030;;;19930;;;20440;;;19865;;
06.12.2021;19820;;;20095;;;20145;;;19565;;
07.12.2021;20189;;;19830;;;20195;;;19780;;
08.12.2021;20230;;;20195;;;20370;;;20110;;
09.12.2021;19875;;;20200;;;20250;;;19775;;
10.12.2021;19746;;;19870;;;19955;;;19730;;
13.12.2021;19711;;;19840;;;19910;;;19635;;
14.12.2021;19485;;;19740;;;19750;;;19400;;
15.12.2021;19116;;;19600;;;19600;;;19030;;
16.12.2021;19624;;;19200;;;19690;;;19180;;
17.12.2021;19648;;;19640;;;19860;;;19595;;
20.12.2021;19340;;;19605;;;19655;;;19190;;
21.12.2021;19615;;;19350;;;19662,5;;;19340;;
22.12.2021;19951;;;19580;;;19970;;;19565;;
23.12.2021;20021;;;19965;;;20190;;;19930;;
24.12.2021;20045;;;20055;;;20190;;;19960;;
29.12.2021;20383;;;19960;;;20724,32;;;19900;;
30.12.2021;20587;;;20435;;;20600;;;20295;;
31.12.2021;20757;;;20525;;;20820;;;20385;;
04.01.2022;21137;;;20700;;;21165;;;20425;;
05.01.2022;20638;;;20995;;;21090;;;20475;;
06.01.2022;20383;;;20620;;;20620;;;20175;;
07.01.2022;20734;;;20390;;;20785;;;20345;;
10.01.2022;20799;;;20755;;;20990;;;20685;;
11.01.2022;21794;;;21350;;;21850;;;21199;;
12.01.2022;22064;;;21820;;;22745;;;21630;;
13.01.2022;22176;;;22000;;;22220;;;21710;;
14.01.2022;22194;;;22150;;;22935;;;21790;;
17.01.2022;22063;;;22200;;;22280;;;21715;;
18.01.2022;22073;;;22135;;;22465;;;21950;;
19.01.2022;23154;;;22075;;;23230;;;22075;;
20.01.2022;23795;;;23250;;;24435;;;23110;;
21.01.2022;24028;;;23800;;;24350;;;23385;;
24.01.2022;22404;;;24085;;;24180;;;22130;;
25.01.2022;22340;;;22535;;;22620;;;21955;;
26.01.2022;22695;;;22370;;;22900;;;22300;;
27.01.2022;22398;;;22635;;;22775;;;22260;;
28.01.2022;22332;;;22405;;;22500;;;22170;;
31.01.2022;22328;;;22310;;;22635;;;21880;;
01.02.2022;22764;;;22300;;;22950;;;22280;;
02.02.2022;22866;;;22800;;;22900;;;22565;;
03.02.2022;22866;;;22855;;;22895;;;22690;;
04.02.2022;22991;;;22890;;;23000;;;22730;;
07.02.2022;23398;;;22905;;;23685;;;22645;;
08.02.2022;22692;;;23435;;;23435;;;22425;;
09.02.2022;23187;;;22765;;;23350;;;22695;;
10.02.2022;23526;;;23280;;;23790;;;23210;;
11.02.2022;23051;;;23395;;;23540;;;22800;;
14.02.2022;23170;;;23275;;;23850;;;22935;;
15.02.2022;23292;;;23185;;;23627,5;;;22760;;
16.02.2022;23406;;;23305;;;23622,5;;;23225;;
17.02.2022;23886;;;23410;;;24055;;;23265;;
18.02.2022;24144;;;23890;;;24295;;;23810;;
21.02.2022;24349;;;24300;;;24610;;;23900;;
22.02.2022;24558;;;24405;;;25135;;;24375;;
23.02.2022;24396;;;24540;;;24815;;;24250;;
24.02.2022;24716;;;24425;;;25705;;;23900;;
25.02.2022;24361;;;24550;;;24685;;;23885;;
28.02.2022;24282;;;24510;;;25080;;;23965;;
01.03.2022;25103;;;24275;;;25400;;;24245;;
02.03.2022;25879;;;25225;;;26505;;;25110;;
03.03.2022;26897;;;25975;;;27976;;;25920;;
04.03.2022;28919;;;27080;;;30295;;;27040;;
07.03.2022;48078;;;29770;;;55000;;;29770;;
16.03.2022;45590;;;45590;;;45592;;;43995;;
17.03.2022;41945;;;41945;;;41945;;;41945;;
18.03.2022;36915;;;36915;;;36915;;;36865;;
21.03.2022;31380;;;31380;;;31380;;;31380;;
22.03.2022;28159;;;27020;;;30710;;;26675;;
23.03.2022;32380;4221;149,898,789,019,496;29700;1541;547,249,547,214,035;32380;4221;149,898,789,019,496;28800;641;227,635,924,571,185
24.03.2022;37235;4855;149,938,233,477,455;34200;1820;562,075,355,157,505;37235;4855;149,938,233,477,455;34100;1720;531,192,093,885,114
25.03.2022;35491;-1744;-468,376,527,460,722;40000;2765;742,580,905,062,441;40700;3465;930,576,070,901,034;34500;-2735;-734,523,969,383,644
28.03.2022;32725;-2766;-779,352,511,904,426;33005;-2486;-700,459,271,364,571;34490;-1001;-282,043,334,929,982;32530;-2961;-834,296,018,708,968
29.03.2022;31803;-922;-281,741,787,624,141;32660;-65;-0,198624904507257;32990;265;0,80977845683728;31785;-940;-287,242,169,595,111
30.03.2022;32893;1090;342,734,962,110,493;33060;1257;395,245,731,534,761;33130;1327;417,256,233,688,646;32400;597;187,718,139,798,132
31.03.2022;32107;-786;-238,956,616,909,373;32495;-398;-120,998,388,714,924;33745;852;259,021,676,344,511;32010;-883;-268,446,173,957,985
01.04.2022;33223;1116;347,587,753,449,404;32000;-107;-0,333260659669231;34270;2163;673,684,866,228,548;31940;-167;-0,520135795932351
04.04.2022;33245;22;0,0662191855040183;34000;777;233,874,123,348,283;34000;777;233,874,123,348,283;32650;-573;-172,470,878,608,193
05.04.2022;33312;67;0,201534065272973;33245;0;0;33850;605;181,982,252,970,371;32980;-265;-0,797112347721462
06.04.2022;33467;155;0,465297790585975;33100;-212;-0,63640730067243;34355;1043;313,100,384,245,917;32810;-502;-150,696,445,725,264
07.04.2022;33698;231;0,690232169002301;33200;-267;-0,797800818716945;34000;533;159,261,361,938,626;32500;-967;-288,941,345,205,725
08.04.2022;33855;157;0,465903020950798;33710;12;0,0356104219835005;34185;487;144,518,962,549,706;33420;-278;-0,824974775951095
11.04.2022;32483;-1372;-405,257,716,733,127;33300;-555;-163,934,426,229,508;33300;-555;-163,934,426,229,508;32420;-1435;-42,386,648,944,026
12.04.2022;32488;5;0,0153926669334729;32795;312;0,960502416648709;33500;1017;313,086,845,426,839;32120;-363;-111,750,761,937,013
13.04.2022;32981;493;151,748,337,847,821;33420;932;28,687,515,390,298;33420;932;28,687,515,390,298;32330;-158;-0,486333415414922
14.04.2022;33175;194;0,588217458536733;33025;44;0,133410145235135;33360;379;114,914,647,827,537;32800;-181;-0,548800824717261
19.04.2022;33768;593;178,749,058,025,622;34000;825;248,681,235,870,384;35115;1940;584,777,694,046,722;32950;-225;-0,678221552373775
20.04.2022;33505;-263;-0,778843875858801;33620;-148;-0,438284766642976;33847,5;79,5;0,235429992892679;33220;-548;-162,283,819,000,237
21.04.2022;33911;406;121,175,943,888,972;33700;195;0,582002686166244;34200;695;207,431,726,607,969;33315;-190;-0,567079540367109
22.04.2022;33107;-804;-237,091,209,342,101;34075;164;0,483618884727669;34085;174;0,513107841113503;33050;-861;-253,899,914,482,026
25.04.2022;32636;-471;-142,265,986,045,247;32690;-417;-125,955,236,052,799;33180;73;0,220497175823844;32220;-887;-26,791,917,117,226
26.04.2022;33076;440;134,820,443,681,824;32975;339;10,387,302,365,486;33270;634;194,264,002,941,537;32530;-106;-0,324794705233484
27.04.2022;33300;224;0,677228201717257;33100;24;0,0725601644697061;33890;814;246,099,891,159,753;33005;-71;-0,214657153222881
28.04.2022;32977;-323;-0,96996996996997;33240;-60;-0,18018018018018;33495;195;0,585585585585586;32910;-390;-117,117,117,117,117
29.04.2022;31771;-1206;-365,709,433,847,833;33250;273;0,827849713436638;33250;273;0,827849713436638;31700;-1277;-387,239,591,230,251
03.05.2022;30975;-796;-25,054,294,797,142;31650;-121;-0,380850461112335;32000;229;0,720783104088634;30500;-1271;-400,050,360,391,552
04.05.2022;30638;-337;-108,797,417,271,994;31155;180;0,581113801452785;31155;180;0,581113801452785;30250;-725;-234,059,725,585,149
05.05.2022;30114;-524;-171,029,440,564,005;31000;362;118,153,926,496,508;31000;362;118,153,926,496,508;30000;-638;-208,238,135,648,541
06.05.2022;30076;-38;-0,126187155475858;30000;-114;-0,378561466427575;30775;661;219,499,236,235,638;29800;-314;-104,270,438,998,472
09.05.2022;28185;-1891;-628,740,524,005,852;30110;34;0,113046947732411;30190;114;0,37903976592632;28000;-2076;-690,251,363,213,193
10.05.2022;28414;229;0,812488912542132;28450;265;0,940216427177577;28580;395;140,145,467,447,224;27625;-560;-198,687,244,988,469
11.05.2022;27806;-608;-213,979,024,424,579;28500;86;0,302667699021609;28500;86;0,302667699021609;27750;-664;-233,687,618,779,475
12.05.2022;27810;4;0,0143853844493994;28000;194;0,697691145795871;28380;574;206,430,266,848,882;27095;-711;-255,700,208,588,075
13.05.2022;27262;-548;-197,051,420,352,391;27910;100;0,359582883854729;27910;100;0,359582883854729;27080;-730;-262,495,505,213,952
16.05.2022;26549;-713;-261,536,204,240,335;27340;78;0,286112537598122;27340;78;0,286112537598122;26105;-1157;-424,400,264,103,881
17.05.2022;26406;-143;-0,53862669027082;26900;351;13,220,836,943,011;26900;351;13,220,836,943,011;26200;-349;-131,455,045,387,774
18.05.2022;26159;-247;-0,935393471180792;26385;-21;-0,0795273801408771;26390;-16;-0,0605922896311444;26105;-301;-11,398,924,486,859
19.05.2022;28231;2072;792,079,207,920,792;26445;286;109,331,396,460,109;28985;2826;108,031,652,586,108;26055;-104;-0,397568714400398
20.05.2022;27973;-258;-0,913888987283483;28060;-171;-0,605717119478587;28220;-11;-0,0389642591477454;27600;-631;-223,513,159,292,976
23.05.2022;27732;-241;-0,86154506130912;27640;-333;-119,043,363,243,127;27945;-28;-0,100096521645873;26110;-1863;-665,999,356,522,361
24.05.2022;26550;-1182;-426,222,414,539,161;27105;-627;-226,092,600,605,798;27105;-627;-226,092,600,605,798;26247,5;-1484,5;-535,302,177,989,326
25.05.2022;26788;238;0,896421845574388;26265;-285;-107,344,632,768,362;26965;415;156,308,851,224,105;26050;-500;-188,323,917,137,476
26.05.2022;27198;410;15,305,360,609,228;26425;-363;-135,508,436,613,409;27925;1137;424,443,780,797,372;26425;-363;-135,508,436,613,409
27.05.2022;28284;1086;399,294,065,740,128;27200;2;0,00735348187366718;29100;1902;699,316,126,185,749;27010;-188;-0,691227296124715
30.05.2022;29279;995;351,788,997,312,968;29000;716;25,314,665,535,285;30610;2326;822,373,073,115,542;29000;716;25,314,665,535,285
31.05.2022;28392;-887;-30,294,750,503,774;29000;-279;-0,952901396905632;29400;121;0,413265480378428;28195;-1084;-37,023,122,374,398
01.06.2022;28119;-273;-0,961538461538462;28310;-82;-0,288813750352212;28800;408;143,702,451,394,759;27605;-787;-277,190,757,959,989
06.06.2022;29701;1582;562,608,912,123,475;28700;581;206,621,857,107,294;30010;1891;672,499,022,013,585;28465;346;123,048,472,563,036
07.06.2022;29481;-220;-0,740715800814787;29350;-351;-118,177,839,129,996;29700;-1;-0,00336689000370358;28600;-1101;-370,694,589,407,764
08.06.2022;28855;-626;-212,340,151,283,878;29500;19;0,0644482887283335;29500;19;0,0644482887283335;28610;-871;-295,444,523,591,466
09.06.2022;28023;-832;-288,338,242,938,832;28625;-230;-0,79708889273956;28675;-180;-0,623808698665743;27900;-955;-330,965,170,680,991
10.06.2022;27264;-759;-270,848,945,509,046;27855;-168;-0,599507547371802;27925;-98;-0,349712735966884;27045;-978;-348,999,036,505,727
13.06.2022;25929;-1335;-489,656,690,140,845;27000;-264;-0,96830985915493;27040;-224;-0,821596244131455;25800;-1464;-536,971,830,985,915
14.06.2022;25259;-670;-258,397,932,816,537;26095;166;0,640209803694705;26095;166;0,640209803694705;25105;-824;-317,790,890,508,697
15.06.2022;25857;598;236,747,297,992,795;25400;141;0,558216873193713;26500;1241;491,310,028,108,793;25260;1;0,00395898491626747
16.06.2022;25259;-598;-231,271,995,977,878;26000;143;0,553041729512318;26135;278;10,751,440,615,694;25185;-672;-25,989,093,862,397
17.06.2022;25669;410;162,318,381,566,966;25325;66;0,261293004473653;25810;551;218,140,068,886,338;25275;16;0,0633437586602795
20.06.2022;25738;69;0,268806731855546;25450;-219;-0,85316919241108;26000;331;128,949,316,295,921;25275;-394;-153,492,539,639,254
21.06.2022;25949;211;0,819799518222084;25800;62;0,240888957960992;26100;362;140,648,069,003,031;25515;-223;-0,866423187504857
22.06.2022;24449;-1500;-578,056,957,878,916;25390;-559;-215,422,559,636,209;25390;-559;-215,422,559,636,209;24410;-1539;-593,086,438,783,768
23.06.2022;24038;-411;-168,105,034,970,755;24370;-79;-0,323121600065442;24550;101;0,413104830463414;24000;-449;-183,647,592,948,587
24.06.2022;22400;-1638;-681,421,083,284,799;23800;-238;-0,99009900990099;23800;-238;-0,99009900990099;21650;-2388;-993,427,073,799,817
27.06.2022;22882;482;215,178,571,428,571;22945;545;243,303,571,428,571;23655;1255;560,267,857,142,857;22225;-175;-0,78125
28.06.2022;23158;276;12,061,882,702,561;23500;618;270,081,286,600,822;23945;1063;464,557,293,942,837;22805;-77;-0,336509046412027
29.06.2022;23773;615;26,556,697,469,557;23145;-13;-0,0561361084722342;25295;2137;922,791,260,039,727;22350;-808;-348,907,504,965,887
30.06.2022;22698;-1075;-452,193,665,082,236;23950;177;0,744542127623775;24100;327;137,551,003,238,969;22665;-1108;-466,074,958,987,086
01.07.2022;21824;-874;-385,055,952,066,261;22230;-468;-206,185,567,010,309;22890;192;0,84588950568332;21200;-1498;-65,997,004,141,334
04.07.2022;22499;675;309,292,521,994,135;21950;126;0,577346041055718;23000;1176;538,856,304,985,337;21950;126;0,577346041055718
05.07.2022;22652;153;0,680030223565492;22450;-49;-0,217787457220321;22950;451;200,453,353,482,377;21940;-559;-248,455,486,910,529
06.07.2022;21849;-803;-354,494,084,407,558;22440;-212;-0,935899699805757;22540;-112;-0,494437577255871;21580;-1072;-473,247,395,373,477
07.07.2022;21535;-314;-143,713,671,106,229;21900;51;0,233420293834958;22760;911;416,952,720,948,327;21275;-574;-262,712,252,276,992
08.07.2022;21581;46;0,213605758068261;21305;-230;-10,680,287,903,413;21970;435;201,996,749,477,595;20850;-685;-318,086,835,384,258
11.07.2022;21839;258;119,549,603,818,173;21255;-326;-151,058,801,723,738;21905;324;150,132,060,608,869;21030;-551;-255,317,177,146,564
12.07.2022;21374;-465;-212,921,837,080,452;21800;-39;-0,178579605293283;21800;-39;-0,178579605293283;21310;-529;-242,227,208,205,504
13.07.2022;21150;-224;-10,480,022,457,191;21710;336;157,200,336,857,865;21710;336;157,200,336,857,865;20805;-569;-266,211,284,738,467
14.07.2022;19402;-1748;-826,477,541,371,158;20685;-465;-219,858,156,028,369;20685;-465;-219,858,156,028,369;19190;-1960;-926,713,947,990,544
15.07.2022;19385;-17;-0,0876198330069065;18470;-932;-480,362,849,190,805;19880;478;246,366,353,984,125;18230;-1172;-604,061,436,965,261
18.07.2022;20652;1267;65,359,814,289,399;19850;465;23,987,619,293,268;20875;1490;768,635,542,945,576;19500;115;0,593242197575445
19.07.2022;20596;-56;-0,271160178190974;20300;-352;-170,443,540,577,184;21450;798;386,403,253,922,138;20005;-647;-313,286,848,731,358
20.07.2022;21179;583;283,064,672,751,991;21110;514;249,563,021,946,009;21720;1124;545,737,036,317,732;20945;349;169,450,378,714,313
21.07.2022;21478;299;141,177,581,566,646;21350;171;0,807403560130318;21600;421;198,781,812,172,435;20590;-589;-278,105,670,711,554
22.07.2022;22122;644;299,841,698,482,168;21580;102;0,474904553496601;22390;912;424,620,541,949,902;21460;-18;-0,0838066859111649
25.07.2022;22228;106;0,479161016182985;22150;28;0,12657083446343;22630;508;229,635,656,812,223;20500;-1622;-73,320,676,249,887
26.07.2022;21571;-657;-295,573,150,980,745;22710;482;216,843,620,658,629;22805;577;259,582,508,547,778;21430;-798;-35,900,665,826,885
27.07.2022;21813;242;112,187,659,357,471;21605;34;0,157619025543554;22000;429;198,878,123,406,425;21274;-297;-137,684,854,665,987
28.07.2022;21935;122;0,559299500297987;22010;197;0,903131160317242;22250;437;200,339,247,237,886;21505;-308;-141,200,201,714,574
29.07.2022;23619;1684;76,772,281,741,509;22015;80;0,364713927513107;23945;2010;916,343,742,876,681;21840;-95;-0,433097788921814
01.08.2022;23575;-44;-0,18629069816673;23615;-4;-0,0169355180151573;25200;1581;669,376,349,549,092;23445;-174;-0,736695033659342
02.08.2022;22492;-1083;-459,384,941,675,504;23950;375;159,066,808,059,385;24345;770;32,661,717,921,527;22125;-1450;-615,058,324,496,288
03.08.2022;22332;-160;-0,71136404054775;22500;8;0,0355682020273875;22715;223;0,991463631513427;22010;-482;-21,429,841,721,501
04.08.2022;22210;-122;-0,546301271717714;22030;-302;-135,231,954,146,516;22650;318;142,396,560,988,716;21815;-517;-231,506,358,588,572
05.08.2022;22216;6;0,0270148581719946;22850;640;288,158,487,167,942;23550;1340;603,331,832,507,879;22000;-210;-0,945520036019811
08.08.2022;21685;-531;-239,016,924,738,927;22000;-216;-0,972272236226143;22285;69;0,310586964350018;21555;-661;-297,533,309,326,611
09.08.2022;21561;-124;-0,571823841364999;21680;-5;-0,0230574129582661;21930;245;112,981,323,495,504;21375;-310;-14,295,596,034,125
10.08.2022;22490;929;430,870,553,313,854;21400;-161;-0,746718612309262;22590;1029;477,250,591,345,485;21020;-541;-250,916,005,751,125
11.08.2022;23659;1169;519,786,571,809,693;22810;320;142,285,460,204,535;24085;1595;709,204,090,706,981;22710;220;0,978212538906181
12.08.2022;23036;-623;-263,324,738,999,958;24000;341;144,131,197,430,153;24090;431;182,171,689,420,517;23015;-644;-272,200,853,797,709
15.08.2022;22013;-1023;-44,408,751,519,361;22750;-286;-124,153,498,871,332;22835;-201;-0,872547317242577;21700;-1336;-579,961,798,923,424
16.08.2022;22235;222;100,849,498,023,895;21950;-63;-0,286194521419161;22640;627;284,831,690,364,784;21870;-143;-0,649616135919684
17.08.2022;21885;-350;-157,409,489,543,512;22210;-25;-0,112435349673937;22490;255;114,684,056,667,416;21820;-415;-186,642,680,458,736
18.08.2022;21780;-105;-0,47978067169294;21800;-85;-0,388393877084761;22400;515;235,320,996,116,061;21685;-200;-0,913867946081791
19.08.2022;22258;478;219,467,401,285,583;22580;800;367,309,458,218,549;22630;850;390,266,299,357,208;21649;-131;-0,601469237832874
22.08.2022;22343;85;0,381885164884536;22315;57;0,256087698804924;22455;197;0,885075029202983;21905;-353;-158,594,662,593,225
23.08.2022;21745;-598;-267,645,347,536,141;22340;-3;-0,0134270241238867;22340;-3;-0,0134270241238867;21700;-643;-287,785,883,721,971
24.08.2022;21354;-391;-179,811,450,908,255;21690;-55;-0,252931708438722;21845;100;0,459875833524948;21300;-445;-204,644,745,918,602
25.08.2022;21677;323;151,259,717,149,012;21790;436;20,417,720,333,427;21950;596;279,104,617,401,892;21325;-29;-0,135805937997565
26.08.2022;21633;-44;-0,202980117174886;21840;163;0,751949070443327;22200;523;241,269,548,369,239;21350;-327;-15,085,113,253,679
30.08.2022;21369;-264;-122,035,778,671,474;21115;-518;-239,448,989,969,029;21780;147;0,679517403966163;20750;-883;-40,817,269,911,709
31.08.2022;21411;42;0,19654639898919;21690;321;150,217,604,941,738;21900;531;248,490,804,436,333;21295;-74;-0,346296036314287
01.09.2022;20311;-1100;-513,754,612,115,268;21000;-411;-191,957,405,072,159;21115;-296;-138,246,695,623,745;20275;-1136;-530,568,399,420,858
02.09.2022;20529;218;10,733,100,290,483;20300;-11;-0,0541578455024371;20775;464;22,844,763,921,028;20050;-261;-128,501,797,055,783
05.09.2022;21458;929;452,530,566,515,661;20870;341;166,106,483,511,131;21735;1206;58,746,163,963,174;20770;241;117,394,904,768,864
06.09.2022;21574;116;0,540590921800727;21780;322;150,060,583,465,374;21780;322;150,060,583,465,374;21170;-288;-134,215,677,136,732
07.09.2022;21580;6;0,0278112542875684;21450;-124;-0,57476592194308;21800;226;104,755,724,483,174;21205;-369;-171,039,213,868,545
08.09.2022;21753;173;0,801668211306766;21620;40;0,185356811862836;21900;320;148,285,449,490,269;21280;-300;-139,017,608,897,127
09.09.2022;22994;1241;570,496,023,536,983;22290;537;2,468,625,017,239;23100;1347;619,224,934,491,794;22274;521;239,507,194,409,966
12.09.2022;24577;1583;688,440,462,729,408;22965;-29;-0,126119857354092;24710;1716;746,281,638,688,353;22815;-179;-0,778463947116639
13.09.2022;24281;-296;-120,437,807,706,392;23980;-597;-242,910,037,840,257;25325;748;304,349,595,149,937;23840;-737;-299,873,865,809,497
14.09.2022;24217;-64;-0,263580577406202;24040;-241;-0,992545611795231;24485;204;0,84016309048227;23640;-641;-2,639,924,220,584
15.09.2022;23127;-1090;-450,097,039,269,934;24300;83;0,342734442746831;24460;243;100,342,734,442,747;23050;-1167;-481,892,885,163,315
16.09.2022;24249;1122;485,147,230,509,794;23200;73;0,315648376356639;24550;1423;615,298,136,377,394;22995;-132;-0,570761447658581
19.09.2022;24594;345;1,422,739,082,024;23940;-309;-127,427,935,172,584;25100;851;350,942,306,899,254;23550;-699;-288,259,309,662,254
20.09.2022;24964;370;150,443,197,527,852;24600;6;0,0243961941937058;25200;606;246,401,561,356,428;24550;-44;-0,178905424087176
21.09.2022;24949;-15;-0,0600865245954174;25300;336;134,593,815,093,735;25700;736;294,824,547,348,181;24550;-414;-165,838,807,883,352
22.09.2022;24562;-387;-155,116,437,532,566;25000;51;0,204417010701832;25160;211;0,845725279570323;24300;-649;-260,130,666,559,782
23.09.2022;23411;-1151;-46,861,004,804,169;24250;-312;-127,025,486,523,899;24250;-312;-127,025,486,523,899;23200;-1362;-554,515,104,633,173
26.09.2022;22206;-1205;-514,715,304,771,261;23200;-211;-0,901285720387852;23355;-56;-0,239203793088719;22050;-1361;-58,135,064,713,169
27.09.2022;21858;-348;-156,714,401,513,105;22630;424;190,939,385,751,599;22635;429;1,931,910,294,515;21550;-656;-295,415,653,427,002
28.09.2022;21805;-53;-0,24247415134047;21495;-363;-166,071,918,748,284;22200;342;156,464,452,374,417;20940;-918;-419,983,530,057,645
29.09.2022;22348;543;24,902,545,287,778;21930;125;0,573263013070397;23115;1310;600,779,637,697,776;21640;-165;-0,756707177252924
30.09.2022;21107;-1241;-555,306,962,591,731;22985;637;285,036,692,321,461;22985;637;285,036,692,321,461;21045;-1303;-583,049,937,354,573
03.10.2022;21258;151;0,715402473113185;21100;-7;-0,0331643530582271;21855;748;35,438,480,125,077;21015;-92;-0,435874354479557
04.10.2022;22055;797;374,917,678,050,616;21400;142;0,667983817856807;22190;932;438,423,181,860,946;21260;2;0,00940822278671559
05.10.2022;22588;533;24,166,855,588,302;22110;55;0,249376558603491;22650;595;269,780,095,216,504;21750;-305;-138,290,637,043,754
06.10.2022;22782;194;0,858863113157429;22780;192;0,850008854258899;23200;612;270,940,322,295,024;22090;-498;-220,471,046,573,402
07.10.2022;22487;-295;-129,488,192,432,622;22500;-282;-123,781,933,105,083;22870;88;0,38626986217189;22260;-522;-229,128,259,151,962
10.10.2022;22412;-75;-0,333526037265976;22125;-362;-160,981,900,653,711;22690;203;0,902743807533241;22125;-362;-160,981,900,653,711
11.10.2022;22079;-333;-148,581,117,258,611;22350;-62;-0,276637515616634;22565;153;0,682669998215242;21835;-577;-257,451,365,339,996
12.10.2022;22292;213;0,964717604963993;21875;-204;-0,923954889261289;22780;701;317,496,263,417,727;21660;-419;-189,773,087,549,255
13.10.2022;22427;135;0,605598420958191;22250;-42;-0,188408397631437;22650;358;160,595,729,409,654;21680;-612;-27,453,795,083,438
14.10.2022;21777;-650;-289,829,223,703,572;22425;-2;-0,0089178222678022;22795;368;164,087,929,727,561;21710;-717;-319,703,928,300,709
17.10.2022;21541;-236;-108,371,217,339,395;21785;8;0,0367360058777609;21930;153;0,702576112412178;21470;-307;-140,974,422,555,908
18.10.2022;21876;335;155,517,385,451;21615;74;0,34353094099624;22150;609;282,716,679,819,878;21470;-71;-0,329604010955852
19.10.2022;21945;69;0,315414152495886;22050;174;0,795392210641799;22340;464;21,210,458,950,448;21760;-116;-0,530261473761199
20.10.2022;22196;251;114,376,851,218,956;22250;305;13,898,382,319,435;22395;450;205,058,099,794,942;21735;-210;-0,956937799043062
21.10.2022;21949;-247;-111,281,311,948,099;21575;-621;-279,780,140,565,868;22190;-6;-0,0270318976392143;21500;-696;-313,570,012,614,886
24.10.2022;22248;299;13,622,488,496,059;22100;151;0,687958449132079;22575;626;285,206,615,335,551;21800;-149;-0,678846416693243
25.10.2022;22322;74;0,332614167565624;22010;-238;-106,975,907,946,782;22525;277;1,245,055,735,347;21875;-373;-167,655,519,597,267
26.10.2022;22670;348;155,900,008,959,771;22355;33;0,147836215392886;22750;428;191,739,091,479,258;22220;-102;-0,456948302123466
27.10.2022;22384;-286;-126,157,917,953,242;22500;-170;-0,749889722099691;22710;40;0,176444640494045;22115;-555;-244,816,938,685,487
28.10.2022;22134;-250;-11,168,691,922,802;21895;-489;-218,459,614,010,007;22780;396;176,912,080,057,184;21815;-569;-254,199,428,162,974
31.10.2022;21809;-325;-146,832,926,719,075;21800;-334;-150,899,069,305,141;22140;6;0,0271076172404446;21700;-434;-196,078,431,372,549
01.11.2022;23600;1791;821,220,597,001,238;22560;751;344,353,248,658,811;23790;1981;908,340,593,333,028;22380;571;261,818,515,291,852
02.11.2022;24145;545;230,932,203,389,831;23400;-200;-0,847457627118644;24300;700;296,610,169,491,525;23250;-350;-148,305,084,745,763
03.11.2022;22803;-1342;-555,808,656,036,446;23675;-470;-194,657,278,939,739;23745;-400;-165,665,769,310,416;22690;-1455;-602,609,235,866,639
04.11.2022;23811;1008;442,047,099,065,912;23160;357;156,558,347,585,844;24290;1487;652,107,178,879,972;22970;167;0,732359777222295
07.11.2022;23395;-416;-174,709,168,031,582;23395;-416;-174,709,168,031,582;23535;-276;-115,912,813,405,569;23015;-796;-334,299,273,445,046
08.11.2022;24012;617;263,731,566,574,054;23330;-65;-0,277837144689036;24100;705;301,346,441,547,339;23270;-125;-0,534302201325069
09.11.2022;24688;676;281,525,903,714,809;23800;-212;-0,882891887389639;24800;788;328,169,248,708,979;23800;-212;-0,882891887389639
10.11.2022;25949;1261;510,774,465,327,285;24885;197;0,797958522359041;26290;1602;648,898,250,162,022;24400;-288;-116,655,865,197,667
11.11.2022;26925;976;376,122,393,926,548;26405;456;175,729,315,195,191;27500;1551;597,710,894,446,799;26074;125;0,481714131565764
14.11.2022;28840;1915;711,234,911,792,015;26250;-675;-250,696,378,830,084;30960;4035;149,860,724,233,983;26250;-675;-250,696,378,830,084
15.11.2022;30254;1414;490,291,262,135,922;29495;655;227,115,117,891,817;31275;2435;844,313,453,536,755;28115;-725;-251,386,962,552,011
16.11.2022;27532;-2722;-899,715,740,067,429;29600;-654;-21,616,976,267,601;29600;-654;-21,616,976,267,601;26610;-3644;-120,446,883,056,786
17.11.2022;25064;-2468;-896,411,448,496,295;26920;-612;-222,286,793,549,324;27450;-82;-0,297835246258899;25000;-2532;-919,657,126,253,087
18.11.2022;25385;321;128,072,135,333,546;25225;161;0,642355569741462;26395;1331;531,040,536,227,258;23900;-1164;-464,411,107,564,635
21.11.2022;24983;-402;-158,361,236,950,955;25385;0;0;25475;90;0,354540082726019;24535;-850;-334,843,411,463,463
22.11.2022;26022;1039;415,882,800,304,207;25300;317;126,886,282,672,217;26670;1687;675,259,176,239,843;25205;222;0,888604250890606
23.11.2022;26293;271;104,142,648,528,168;26190;168;0,64560756283145;26485;463;17,792,636,999,462;25660;-362;-139,113,058,181,539
24.11.2022;26100;-193;-0,734035674894459;26315;22;0,0836724603506637;26600;307;116,761,115,125,699;26085;-208;-0,791085079679002
25.11.2022;25416;-684;-262,068,965,517,241;26250;150;0,574712643678161;26405;305;116,858,237,547,893;25370;-730;-279,693,486,590,038
28.11.2022;25639;223;0,877400062952471;25110;-306;-120,396,600,566,572;25745;329;129,446,018,256,217;25000;-416;-163,676,424,299,654
29.11.2022;26861;1222;476,617,652,794,571;26250;611;238,308,826,397,285;27500;1861;725,847,341,940,013;25645;6;0,0234018487460509
30.11.2022;26987;126;0,46908156807267;27170;309;115,036,670,265,441;27170;309;115,036,670,265,441;25865;-996;-370,797,810,952,682
01.12.2022;27601;614;227,516,952,606,811;27170;183;0,678104272427465;27700;713;264,201,282,098,788;26520;-467;-173,046,281,542,965
02.12.2022;28862;1261;456,867,504,800,551;27320;-281;-10,180,790,551,067;28940;1339;485,127,350,458,317;27155;-446;-161,588,348,248,252
05.12.2022;28680;-182;-0,630586930912619;28395;-467;-16,180,444,875,615;29135;273;0,945880396368928;28130;-732;-253,620,677,707,713
06.12.2022;29271;591;206,066,945,606,695;28720;40;0,139470013947001;29365;685;23,884,239,888,424;27800;-880;-306,834,030,683,403
07.12.2022;31441;2170;74,134,809,196,816;29045;-226;-0,77209524785624;32230;2959;1,010,898,158,587;28610;-661;-225,820,778,244,679
08.12.2022;29725;-1716;-545,784,167,170,255;30970;-471;-149,804,395,534,493;33575;2134;6,787,315,925,066;29410;-2031;-645,971,820,234,725
09.12.2022;29433;-292;-0,982338099243061;29950;225;0,756938603868797;30670;945;317,914,213,624,895;28700;-1025;-344,827,586,206,897
12.12.2022;29518;85;0,288791492542384;29100;-333;-113,138,314,137,193;30010;577;196,038,460,231,713;28825;-608;-206,570,855,842,082
13.12.2022;28287;-1231;-417,033,674,368,182;29620;102;0,345551866657633;29850;332;112,473,744,833,661;28200;-1318;-446,507,215,936,039
14.12.2022;28365;78;0,275745041892035;28500;213;0,752996075935942;28965;678;239,686,074,875,384;28080;-207;-0,731784918867324
15.12.2022;28311;-54;-0,190375462718139;28700;335;118,103,296,315,882;29200;835;294,376,872,906,751;28250;-115;-0,405429226158999
16.12.2022;28273;-38;-0,134223446716824;28360;49;0,173077602345378;29715;1404;495,920,313,659,002;28090;-221;-0,780615308537318
19.12.2022;27215;-1058;-374,208,608,920,171;28265;-8;-0,0282955469882927;28400;127;0,449191808439147;27100;-1173;-414,883,457,715,842
20.12.2022;28334;1119;411,170,310,490,538;27375;160;0,587911078449385;29500;2285;839,610,508,910,527;27280;65;0,238838875620062
21.12.2022;29591;1257;443,636,620,314,816;28325;-9;-0,0317639584950942;29900;1566;55,269,287,781,464;27850;-484;-170,819,510,129,173
22.12.2022;29240;-351;-118,617,147,105,539;29510;-81;-0,273731877935859;29820;229;0,773883951201379;28375;-1216;-410,935,757,493,833
23.12.2022;29547;307;10,499,316,005,472;29175;-65;-0,222298221614227;30250;1010;345,417,236,662,107;29100;-140;-0,478796169630643
28.12.2022;30431;884;299,184,350,357,058;30345;798;270,078,180,525,942;31470;1923;650,827,495,177,175;30100;553;187,159,440,890,784
29.12.2022;30259;-172;-0,565213105057343;30425;-6;-0,0197167362229306;30500;69;0,226742466563701;29555;-876;-287,864,348,854,786
30.12.2022;30048;-211;-0,697313196073895;30800;541;178,789,781,552,596;30950;691;228,361,809,709,508;29920;-339;-112,032,783,634,621
03.01.2023;31118;1070;356,096,911,608,094;30000;-48;-0,159744408945687;31975;1927;641,307,241,746,539;29920;-128;-0,425985090521832
04.01.2023;29768;-1350;-433,832,508,515,971;31000;-118;-0,379201748184331;31000;-118;-0,379201748184331;29200;-1918;-616,363,519,506,395
05.01.2023;27748;-2020;-678,581,026,605,751;29000;-768;-257,995,162,590,701;29010;-758;-254,635,850,577,802;27600;-2168;-728,298,844,396,668
06.01.2023;28079;331;119,287,876,603,719;27510;-238;-0,857719475277497;28980;1232;443,995,963,673,058;27260;-488;-175,868,531,065,302
09.01.2023;27434;-645;-229,709,035,222,052;28500;421;149,934,114,462,766;29370;1291;459,774,208,483,208;27330;-749;-266,747,391,288,864
10.01.2023;27466;32;0,116643580957935;27330;-104;-0,37909163811329;28180;746;271,925,348,108,187;27260;-174;-0,634249471458774
11.01.2023;27039;-427;-15,546,493,846,938;27945;479;174,397,436,830,991;28155;689;250,855,603,291,342;25915;-1551;-564,698,172,285,735
12.01.2023;27013;-26;-0,096157402270794;26335;-704;-260,364,658,456,304;27900;861;31,842,893,598,136;25970;-1069;-395,354,857,797,995
13.01.2023;26795;-218;-0,807018842779403;27710;697;25,802,391,441,158;28300;1287;47,643,727,094,362;26720;-293;-108,466,294,006,589
16.01.2023;27217;422;157,492,069,415,936;26915;120;0,44784474715432;27500;705;263,108,788,953,163;26340;-455;-16,980,779,996,268
17.01.2023;26690;-527;-193,628,981,886,321;27015;-202;-0,742183194327075;27395;178;0,654003012822868;26500;-717;-263,438,292,243,818
18.01.2023;27844;1154;432,371,674,784,564;26855;165;0,618209067066317;28250;1560;584,488,572,499,063;26855;165;0,618209067066317
19.01.2023;29346;1502;539,433,989,369,343;28325;481;172,748,168,366,614;29520;1676;601,925,010,774,314;28100;256;0,919408131015659
20.01.2023;28771;-575;-195,938,117,631,023;29400;54;0,184011449601309;29520;174;0,592925782048661;28295;-1051;-358,140,802,835,139
23.01.2023;28110;-661;-229,745,229,571,443;28500;-271;-0,941920684022106;28650;-121;-0,420562371832748;27800;-971;-337,492,614,090,577
24.01.2023;28782;672;23,906,083,244,397;28620;510;181,430,096,051,227;29340;1230;437,566,702,241,195;27910;-200;-0,711490572749911
25.01.2023;29182;400;138,975,748,731,846;28620;-162;-0,562851782363977;29490;708;245,987,075,255,368;28615;-167;-0,580223750955458
26.01.2023;29427;245;0,839558632033445;29095;-87;-0,29812898362004;29490;308;105,544,513,741,347;28300;-882;-30,224,110,753,204
27.01.2023;28902;-525;-178,407,584,871,037;29430;3;0,0101947191354878;29770;343;116,559,622,115,744;28820;-607;-206,273,150,508,037
30.01.2023;29219;317;109,680,990,934,883;29420;518;17,922,635,111,757;30040;1138;393,744,377,551,727;29115;213;0,736973219846377
31.01.2023;30344;1125;38,502,344,364,968;29550;331;113,282,453,198,261;30535;1316;45,039,186,830,487;29295;76;0,260104726376673
01.02.2023;29296;-1048;-34,537,305,562,879;30730;386;127,208,014,764,039;30730;386;127,208,014,764,039;29000;-1344;-442,921,170,577,379
02.02.2023;29790;494;168,623,702,894,593;29000;-296;-101,037,684,325,505;30000;704;240,305,843,801,202;28635;-661;-225,628,072,091,753
03.02.2023;28612;-1178;-395,434,709,634,105;29950;160;0,537092984222894;30195;405;13,595,166,163,142;28460;-1330;-44,645,854,313,528
06.02.2023;27258;-1354;-473,228,016,216,972;28465;-147;-0,513770445966727;28465;-147;-0,513770445966727;26960;-1652;-577,380,120,229,274
07.02.2023;27248;-10;-0,0366864773644435;27220;-38;-0,139408613984885;27555;297;108,958,837,772,397;26740;-518;-190,035,952,747,817
08.02.2023;27390;142;0,521139166177334;27795;547;200,748,678,802,114;27900;652;239,283,617,146,213;27255;7;0,0256899588960658
09.02.2023;29142;1752;639,649,507,119,387;27645;255;0,930996714129244;29225;1835;669,952,537,422,417;27150;-240;-0,876232201533406
10.02.2023;27794;-1348;-462,562,624,390,913;29000;-142;-0,487269233408826;29130;-12;-0,0411776816965205;27370;-1772;-608,057,099,718,619
13.02.2023;26627;-1167;-419,874,793,120,817;27245;-549;-197,524,645,606,966;27375;-419;-150,751,960,854,861;26420;-1374;-494,351,298,841,477
14.02.2023;26459;-168;-0,630938521050062;26570;-57;-0,214068426784842;27105;478;179,517,031,584,482;26280;-347;-130,318,849,288,316
15.02.2023;26143;-316;-119,430,061,604,747;26495;36;0,136059563853509;26495;36;0,136059563853509;25990;-469;-177,255,376,242,488
16.02.2023;26489;346;132,349,003,557,358;26000;-143;-0,546991546494281;26700;557;213,058,945,033,087;25974;-169;-0,646444554947787
17.02.2023;25793;-696;-262,750,575,710,672;26460;-29;-0,109479406546113;26465;-24;-0,0906036467967836;25560;-929;-35,071,161,614,255
20.02.2023;26932;1139;441,592,680,184,546;26050;257;0,996394370565657;27160;1367;529,988,756,639,398;25850;57;0,22099019113713
21.02.2023;27105;173;0,642358532600624;26910;-22;-0,0816872122382296;27395;463;171,914,451,210,456;26830;-102;-0,378731620377246
22.02.2023;26431;-674;-248,662,608,374,839;26320;-785;-289,614,462,276,333;26680;-425;-156,797,638,812,027;26190;-915;-337,576,092,971,776
23.02.2023;25387;-1044;-394,990,730,581,514;26200;-231;-0,87397374295335;26325;-106;-0,401044228368204;25260;-1171;-443,040,369,263,365
24.02.2023;24554;-833;-328,120,691,692,599;25400;13;0,0512073108283767;25520;133;0,523890180013393;24280;-1107;-436,049,946,823,177
27.02.2023;25505;951;387,309,603,323,287;24505;-49;-0,199560153131873;25570;1016;413,781,868,534,658;24300;-254;-103,445,467,133,665
28.02.2023;24794;-711;-278,768,868,849,245;25380;-125;-0,490099980396001;25505;0;0;24440;-1065;-417,565,183,297,393
01.03.2023;24890;96;0,387190449302251;25050;256;1,032,507,864,806;25505;711;286,762,926,514,479;24735;-59;-0,237960796967008
02.03.2023;24395;-495;-198,875,050,220,972;24810;-80;-0,321414222579349;24895;5;0,0200883889112093;24100;-790;-317,396,544,797,107
03.03.2023;24597;202;0,828038532486165;24405;10;0,040992006558721;24950;555;227,505,636,400,902;24160;-235;-0,963312154129945
06.03.2023;24430;-167;-0,67894458673822;24485;-112;-0,455340082123836;24705;108;0,439077936333699;24245;-352;-143,106,882,953,206
07.03.2023;24145;-285;-116,659,844,453,541;24395;-35;-0,143266475644699;24475;45;0,184199754400327;23640;-790;-323,372,902,169,464
08.03.2023;23974;-171;-0,708221163802029;24030;-115;-0,476289086767447;24085;-60;-0,248498653965624;23590;-555;-229,861,254,918,203
09.03.2023;23269;-705;-294,068,574,288,813;23810;-164;-0,684074413948444;23945;-29;-0,120964378076249;23200;-774;-322,849,753,900,058
10.03.2023;22684;-585;-25,140,745,197,473;23000;-269;-11,560,445,227,556;23230;-39;-0,167604967983154;22620;-649;-278,911,856,977,094
13.03.2023;23123;439;193,528,478,222,536;22895;211;0,930171045670958;23665;981;432,463,410,333,275;22705;21;0,0925762652089579
14.03.2023;23040;-83;-0,358949963240064;23125;2;0,00864939670457986;23715;592;256,022,142,455,564;22965;-158;-0,683302339661809
15.03.2023;23003;-37;-0,160590277777778;22955;-85;-0,368923611111111;23400;360;15,625;22770;-270;-1,171,875
16.03.2023;23236;233;101,291,135,938,791;23050;47;0,204321175498848;23560;557;242,142,329,261,401;22800;-203;-0,882493587792897
17.03.2023;23364;128;0,550869340678258;23550;314;135,135,135,135,135;23615;379;163,108,968,841,453;23230;-6;-0,0258220003442933
20.03.2023;22797;-567;-242,681,047,765,794;23270;-94;-0,402328368430063;23270;-94;-0,402328368430063;22680;-684;-292,758,089,368,259
21.03.2023;22514;-283;-124,139,141,115,059;22670;-127;-0,557090845286661;22970;173;0,758871781374742;22395;-402;-176,338,991,972,628
22.03.2023;22461;-53;-0,235409078795416;22900;386;171,448,876,254,775;22930;416;184,773,918,450,742;22430;-84;-0,373101181487075
23.03.2023;22517;56;0,249321045367526;22535;74;0,329459952807088;22735;274;121,989,225,769,111;22074;-387;-172,298,650,995,058
24.03.2023;23468;951;422,347,559,621,619;22910;393;174,534,795,931,963;23695;1178;523,160,278,900,386;22910;393;174,534,795,931,963
27.03.2023;23843;375;159,792,057,269,473;23700;232;0,988580194307142;24200;732;311,914,095,790,012;22690;-778;-331,515,254,815,067
28.03.2023;24074;231;0,968837814033469;23875;32;0,134211298913727;24310;467;195,864,614,352,221;23665;-178;-0,746550350207608
29.03.2023;23743;-331;-137,492,730,746,864;24150;76;0,315693279056243;24426;352;14,621,583,451,026;23575;-499;-207,277,560,854,033
30.03.2023;23199;-544;-229,120,161,731,879;23845;102;0,429600303247273;23910;167;0,703365202375437;22950;-793;-33,399,317,693,636
31.03.2023;23838;639;275,442,907,021,854;23200;1;0,0043105306263201;23895;696;300,012,931,591,879;22860;-339;-146,126,988,232,251
03.04.2023;23372;-466;-195,486,198,506,586;23755;-83;-0,348183572447353;24000;162;0,679587213692424;22855;-983;-412,366,809,296,082
04.04.2023;23124;-248;-106,109,875,064,179;23145;-227;-0,971247646756803;23625;253;108,249,187,061,441;22970;-402;-172,000,684,579,839
05.04.2023;22706;-418;-180,764,573,603,183;23140;16;0,069192181283515;23340;216;0,934094447327452;22450;-674;-291,472,063,656,807
06.04.2023;22800;94;0,413987492292786;22535;-171;-0,753104906192196;23080;374;164,714,172,465,428;22335;-371;-163,392,935,787,897
11.04.2023;23472;672;294,736,842,105,263;22935;135;0,592105263157895;23615;815;357,456,140,350,877;22785;-15;-0,0657894736842105
12.04.2023;23579;107;0,455862304021813;23480;8;0,0340831629175187;23680;208;0,886162235855487;23000;-472;-201,090,661,213,361
13.04.2023;23698;119;0,504686373467916;23560;-19;-0,08058017727639;23750;171;0,72522159548751;23325;-254;-107,722,973,832,648
14.04.2023;24132;434;183,137,817,537,345;23655;-43;-0,181449911384927;24785;1087;458,688,496,919,571;23650;-48;-0,202548738290151
17.04.2023;24701;569;235,786,507,541,853;24525;393;162,854,301,342,616;24995;863;357,616,442,897,398;24325;193;0,799767942980275
18.04.2023;25633;932;377,312,659,406,502;24680;-21;-0,0850168009392332;25695;994;402,412,857,779,037;24345;-356;-144,123,719,687,462
19.04.2023;25551;-82;-0,319900128740296;25625;-8;-0,0312097686575898;25710;77;0,300394023329302;24360;-1273;-496,625,443,763,898
20.04.2023;25061;-490;-191,773,316,112,872;25460;-91;-0,35615044420962;25950;399;15,615,827,169,191;24925;-626;-245,000,195,687,057
21.04.2023;24477;-584;-233,031,403,375,763;25125;64;0,255376880411795;25190;129;0,514744024580025;24280;-781;-311,639,599,377,519
24.04.2023;24582;105;0,428974138987621;24875;398;16,260,162,601,626;24880;403;164,644,360,011,439;23945;-532;-217,346,897,087,061
25.04.2023;23341;-1241;-504,840,940,525,588;24325;-257;-104,548,043,283,704;24510;-72;-0,292897241884306;23195;-1387;-564,233,992,352,128
26.04.2023;23646;305;130,671,350,841,866;23100;-241;-103,251,788,697,999;23760;419;179,512,445,910,629;23100;-241;-103,251,788,697,999
27.04.2023;24099;453;191,575,742,197,412;23600;-46;-0,194536073754546;24145;499;211,029,349,572,866;23435;-211;-0,89232851222194
28.04.2023;24219;120;0,497945972861944;24005;-94;-0,390057678741857;24315;216;0,8963027511515;23715;-384;-159,342,711,315,822
02.05.2023;24965;746;308,022,626,863,207;24280;61;0,251868367810397;25025;806;332,796,564,680,623;23870;-349;-144,101,738,304,637
03.05.2023;24743;-222;-0,889244942920088;24930;-35;-0,140196274784699;25420;455;182,255,157,220,108;24560;-405;-162,227,117,965,151
04.05.2023;23997;-746;-30,149,941,397,567;24685;-58;-0,234409732045427;25220;477;192,781,796,871,843;23950;-793;-320,494,685,365,558
05.05.2023;24531;534;222,527,815,976,997;24050;53;0,220860940950952;24720;723;30,128,766,095,762;23815;-182;-0,75842813685044
09.05.2023;23507;-1024;-4,174,310,056,663;24730;199;0,811218458277282;24730;199;0,811218458277282;23450;-1081;-440,666,911,255,147
10.05.2023;22531;-976;-415,195,473,688,688;23535;28;0,119113455566427;23675;168;0,714680733398562;22455;-1052;-447,526,268,771,004
11.05.2023;21780;-751;-333,318,538,901,957;22580;49;0,217478141227642;22600;69;0,306244729483822;21710;-821;-36,438,684,479,162
12.05.2023;22217;437;200,642,791,551,882;21910;130;0,596877869605142;22465;685;314,508,723,599,633;21780;0;0
15.05.2023;21622;-595;-267,812,936,039,969;22290;73;0,328577215645677;22390;173;0,778682990502768;21565;-652;-293,468,965,206,824
16.05.2023;21122;-500;-231,245,953,195,819;21815;193;0,892609379335862;21890;268;123,947,830,912,959;21000;-622;-287,669,965,775,599
17.05.2023;21334;212;100,369,283,211,817;21050;-72;-0,340876810908058;21660;538;254,710,728,150,743;20975;-147;-0,695956822270618
18.05.2023;20934;-400;-1,874,941,408,081;21340;6;0,028124121121215;21410;76;0,35623886753539;20895;-439;-205,774,819,536,889
19.05.2023;21278;344;164,325,976,879,717;20970;36;0,171969045571797;21840;906;432,788,764,689,023;20900;-34;-0,162415209706697
22.05.2023;21413;135;0,6344581257637;21330;52;0,244383870664536;21570;292;137,230,942,757,778;21015;-263;-12,360,184,227,841
23.05.2023;21047;-366;-170,924,204,922,243;21400;-13;-0,0607107831691029;21500;87;0,406295241208612;20900;-513;-239,574,090,505,768
24.05.2023;20732;-315;-149,665,035,396,969;21015;-32;-0,15204067087946;21245;198;0,94075165106666;20700;-347;-164,869,102,484,915
25.05.2023;21228;496;239,243,681,265,676;20755;23;0,110939610264326;21650;918;442,793,748,794,135;20755;23;0,110939610264326
26.05.2023;21162;-66;-0,310910118711136;21045;-183;-0,862068965517241;21690;462;217,637,083,097,795;20950;-278;-13,095,911,060,863
30.05.2023;21027;-135;-0,637935922880635;21095;-67;-0,316605235800019;21725;563;266,042,907,097,628;20950;-212;-100,179,567,148,663
31.05.2023;20588;-439;-208,779,188,662,196;21015;-12;-0,05706948209445;21085;58;0,275835830123175;20310;-717;-340,990,155,514,339
01.06.2023;21318;730;354,575,480,862,638;20455;-133;-0,646007382941519;21425;837;406,547,503,400,039;20445;-143;-0,694579366621333
02.06.2023;21211;-107;-0,501923257341214;21320;2;0,00938174312787316;21720;402;18,857,303,687,025;21010;-308;-144,478,844,169,247
05.06.2023;20898;-313;-147,564,942,718,401;21010;-201;-0,947621517137334;21120;-91;-0,429022676912923;20650;-561;-26,448,540,851,445
06.06.2023;20968;70;0,334960283280697;20840;-58;-0,277538520432577;21200;302;144,511,436,501,101;20830;-68;-0,325389989472677
07.06.2023;21417;449;214,135,826,020,603;21080;112;0,534147272033575;21595;627;299,027,088,897,367;20830;-138;-0,658145745898512
08.06.2023;21132;-285;-133,071,858,803,754;21410;-7;-0,0326843161974133;21575;158;0,7377317084559;20995;-422;-19,703,973,479,012
09.06.2023;21170;38;0,17982207079311;21105;-27;-0,127768313458262;21650;518;245,125,875,449,555;21040;-92;-0,435358697709635
12.06.2023;20755;-415;-196,032,120,925,838;21120;-50;-0,236183278223902;21405;235;111,006,140,765,234;20720;-450;-212,564,950,401,512
13.06.2023;21952;1197;57,672,849,915,683;21015;260;125,271,019,031,559;22110;1355;652,854,733,799,085;20790;35;0,168634064080944
14.06.2023;22720;768;349,854,227,405,248;22095;143;0,651421282798834;22900;948;431,851,311,953,353;21855;-97;-0,441873177842566
15.06.2023;22993;273;120,158,450,704,225;22655;-65;-0,286091549295775;23075;355;15,625;22215;-505;-222,271,126,760,563
16.06.2023;23034;41;0,178315139390249;22975;-18;-0,0782846953420606;23400;407;177,010,394,467,882;22760;-233;-101,335,188,970,556
19.06.2023;22503;-531;-23,052,878,353,738;22860;-174;-0,755405053399323;22860;-174;-0,755405053399323;22405;-629;-273,074,585,395,502
20.06.2023;22039;-464;-20,619,472,959,161;22485;-18;-0,079989334755366;22575;72;0,319957339021464;21895;-608;-270,186,197,395,903
21.06.2023;21238;-801;-363,446,617,360,134;21960;-79;-0,358455465311493;22160;121;0,549026725350515;21160;-879;-398,838,422,795,953
22.06.2023;21182;-56;-0,2636783124588;21360;122;0,574442037856672;21550;312;146,906,488,369,903;21100;-138;-0,649778698559186
23.06.2023;21311;129;0,609007648003021;21135;-47;-0,221886507411954;21415;233;109,999,055,802,096;20895;-287;-135,492,399,206,874
26.06.2023;20305;-1006;-47,205,668,434,142;21500;189;0,886865937778612;21575;264;123,879,686,546,854;20200;-1111;-521,327,014,218,009
27.06.2023;20789;484;238,364,934,745,137;20470;165;0,812607732085693;20865;560;275,794,139,374,538;20405;100;0,49248953459739
28.06.2023;20056;-733;-352,590,312,184,328;20780;-9;-0,0432921256433691;20830;41;0,197219683486459;19925;-864;-415,604,406,176,343
29.06.2023;20634;578;288,193,059,433,586;20030;-26;-0,129637016354208;20690;634;316,114,878,340,646;19965;-91;-0,453729557239729
30.06.2023;20516;-118;-0,571871668120578;20565;-69;-0,334399534748473;20800;166;0,804497431423864;20220;-414;-200,639,720,849,084
03.07.2023;20580;64;0,311951647494638;20460;-56;-0,272957691557809;20660;144;0,701891206862936;20300;-216;-10,528,368,102,944
04.07.2023;20508;-72;-0,349854227405248;20655;75;0,364431486880466;20680;100;0,485908649173955;20415;-165;-0,801749271137026
05.07.2023;21207;699;340,842,598,010,532;20650;142;0,692412716988492;21250;742;361,810,025,355,959;20220;-288;-140,433,001,755,413
06.07.2023;21209;2;0,00943084830480502;21150;-57;-0,268779176686943;21440;233;109,869,382,750,978;20925;-282;-132,974,961,097,751
07.07.2023;20804;-405;-190,956,669,338,488;21205;-4;-0,0188599179593569;21285;76;0,358338441227781;20550;-659;-310,717,148,380,405
10.07.2023;21014;210;100,942,126,514,132;20760;-44;-0,211497788886753;21065;261;125,456,642,953,278;20540;-264;-126,898,673,332,052
11.07.2023;20704;-310;-147,520,700,485,391;20700;-314;-14,942,419,339,488;21090;76;0,361663652802893;20600;-414;-197,011,516,132,102
12.07.2023;21685;981;473,821,483,771,252;20765;61;0,294629057187017;21775;1071;517,291,344,667,697;20765;61;0,294629057187017
13.07.2023;21294;-391;-180,308,969,333,641;21525;-160;-0,737837214664515;21590;-95;-0,438090846207056;21060;-625;-288,217,661,978,326
14.07.2023;21630;336;157,790,927,021,696;21235;-59;-0,277073353996431;21750;456;214,144,829,529,445;21090;-204;-0,958016342631727
17.07.2023;21054;-576;-26,629,680,998,613;21575;-55;-0,254276467868701;21655;25;0,115580212667591;20695;-935;-432,269,995,376,791
18.07.2023;21084;30;0,142490738102023;20915;-139;-0,660207086539375;21215;161;0,764700294480859;20750;-304;-14,439,061,461,005
19.07.2023;20907;-177;-0,839499146272055;21100;16;0,0758869284765699;21290;206;0,977044204135838;20805;-279;-132,327,831,531,019
20.07.2023;21280;373;178,409,145,262,352;20915;8;0,0382646960348209;21610;703;336,251,016,405,988;20915;8;0,0382646960348209
21.07.2023;20769;-511;-240,131,578,947,368;21210;-70;-0,328947368421053;21450;170;0,798872180451128;20700;-580;-272,556,390,977,444
24.07.2023;21428;659;317,299,821,849,872;20870;101;0,486301699648515;21480;711;342,337,137,079,301;20680;-89;-0,428523279888295
25.07.2023;22450;1022;476,946,051,894,717;21420;-8;-0,0373343289154377;22580;1152;537,614,336,382,304;21275;-153;-0,714019040507747
26.07.2023;21590;-860;-383,073,496,659,243;22400;-50;-0,22271714922049;22425;-25;-0,111358574610245;21500;-950;-423,162,583,518,931
27.07.2023;21689;99;0,458545622973599;21580;-10;-0,0463177396943029;21965;375;173,691,523,853,636;21475;-115;-0,532654006484484
28.07.2023;22307;618;284,937,064,871,594;21750;61;0,281248559177463;22395;706;325,510,627,507,031;21625;-64;-0,295080455530453
31.07.2023;22293;-14;-0,0627605684314341;22315;8;0,0358631819608195;22400;93;0,416909490294526;21805;-502;-225,041,466,804,142
01.08.2023;22358;65;0,29157134526533;22265;-28;-0,125599964114296;22700;407;182,568,519,266,137;21975;-318;-142,645,673,529,808
02.08.2023;21560;-798;-356,919,223,544,145;22235;-123;-0,550138652831201;22370;12;0,0536720636908489;21450;-908;-406,118,615,260,757
03.08.2023;21607;47;0,217996289424861;21655;95;0,440630797773655;21700;140;0,649350649350649;21405;-155;-0,718923933209647
04.08.2023;21310;-297;-137,455,454,250,937;21705;98;0,453556717730365;21950;343;158,744,851,205,628;21060;-547;-253,158,698,569,908
07.08.2023;21102;-208;-0,976067573908963;21300;-10;-0,0469263256687001;21670;360;168,934,772,407,321;21045;-265;-124,354,763,022,055
08.08.2023;20841;-261;-12,368,495,877,168;21305;203;0,961994123779737;21310;208;0,985688560326035;20765;-337;-159,700,502,322,055
09.08.2023;20554;-287;-137,709,322,969,147;20775;-66;-0,316683460486541;21075;234;112,278,681,445,228;20480;-361;-173,216,256,417,638
10.08.2023;20441;-113;-0,549771334046901;20535;-19;-0,0924394278485939;20650;96;0,467062372287633;20390;-164;-0,797898219324706
11.08.2023;20241;-200;-0,978425713027738;20440;-1;-0,00489212856513869;20710;269;131,598,258,402,231;20120;-321;-157,037,326,940,952
14.08.2023;20093;-148;-0,731189170495529;20265;24;0,118571216837113;20660;419;207,005,582,728,126;20025;-216;-106,714,095,153,402
15.08.2023;19780;-313;-155,775,643,258,846;20105;12;0,0597222913452446;20320;227;112,974,667,794,754;19745;-348;-173,194,644,901,209
16.08.2023;19804;24;0,121334681496461;19810;30;0,151668351870576;20235;455;230,030,333,670,374;19700;-80;-0,404448938321537
17.08.2023;20277;473;238,840,638,254,898;19845;41;0,207028883053928;20470;666;33,629,569,783,882;19770;-34;-0,171682488386185
18.08.2023;20131;-146;-0,720027617497657;20315;38;0,187404448389801;20450;173;0,853183409774621;20045;-232;-114,415,347,437,984
21.08.2023;20119;-12;-0,0596095573990363;20170;39;0,193731061546868;20330;199;0,988525160200686;19970;-161;-0,799761561770404
22.08.2023;20504;385;191,361,399,671,952;20140;21;0,10437894527561;20700;581;288,781,748,595,855;20140;21;0,10437894527561
23.08.2023;20956;452;220,444,791,260,242;20495;-9;-0,0438938743659774;21000;496;241,904,018,728,053;20495;-9;-0,0438938743659774
24.08.2023;20829;-127;-0,606031685436152;20900;-56;-0,267226569956098;20935;-21;-0,100209963733537;20490;-466;-222,370,681,427,753
25.08.2023;20795;-34;-0,163233952662154;20870;41;0,196840942916127;21350;521;250,132,027,461,712;20745;-84;-0,403283883047674
29.08.2023;20683;-112;-0,538591007453715;20725;-70;-0,336619379658572;20825;30;0,144265448425102;20450;-345;-165,905,265,688,868
30.08.2023;20631;-52;-0,251414204902577;20675;-8;-0,0386791084465503;20765;82;0,396460861577141;20395;-288;-139,244,790,407,581
31.08.2023;20289;-342;-165,769,957,830,449;20600;-31;-0,150259318501284;20645;14;0,0678590470650962;20270;-361;-174,979,399,932,141
01.09.2023;21085;796;392,330,819,655,971;20360;71;0,349943319039874;21125;836;412,045,936,221,598;20360;71;0,349943319039874
04.09.2023;21040;-45;-0,213421863884278;20980;-105;-0,497984349063315;21075;-10;-0,0474270808631729;20715;-370;-17,548,019,919,374
05.09.2023;21039;-1;-0,00475285171102662;21025;-15;-0,0712927756653992;21125;85;0,403992395437262;20870;-170;-0,807984790874525
06.09.2023;20593;-446;-211,987,261,751,984;21010;-29;-0,137839250914967;21065;26;0,123580018061695;20520;-519;-246,684,728,361,614
07.09.2023;20482;-111;-0,539018112951003;20540;-53;-0,257369008886515;20610;17;0,0825523236051085;20160;-433;-210,265,624,241,247
08.09.2023;20052;-430;-209,940,435,504,345;20430;-52;-0,253881456888976;20515;33;0,161117078410311;19960;-522;-254,857,924,030,856
11.09.2023;20485;433;215,938,559,744,664;20050;-2;-0,00997406742469579;20580;528;263,315,380,011,969;19960;-92;-0,458807101536006
12.09.2023;19923;-562;-274,347,083,231,633;20465;-20;-0,0976324139614352;20470;-15;-0,0732243104710764;19855;-630;-307,542,103,978,521
13.09.2023;20069;146;0,732821362244642;19865;-58;-0,291120815138282;20250;327;164,131,907,845,204;19615;-308;-154,595,191,487,226
14.09.2023;20343;274;136,528,975,036,125;20180;111;0,553091833175544;20575;506;252,130,150,979,122;20070;1;0,00498280930788779
15.09.2023;19924;-419;-205,967,654,721,526;20290;-53;-0,260531878287372;20360;17;0,0835668288846286;19895;-448;-22,022,317,259,008
18.09.2023;19877;-47;-0,235896406344108;19920;-4;-0,0200762899016262;20170;246;123,469,182,895,001;19775;-149;-0,747841798835575
19.09.2023;19919;42;0,211299491875031;19965;88;0,442722744881018;20010;133;0,669115057604266;19550;-327;-16,451,174,724,556
20.09.2023;19593;-326;-163,662,834,479,643;19950;31;0,15563030272604;20200;281;141,071,338,922,637;19555;-364;-182,740,097,394,448
21.09.2023;19123;-470;-239,881,590,363,905;19585;-8;-0,0408309089981116;19590;-3;-0,0153115908742918;19100;-493;-251,620,476,700,863
22.09.2023;19418;295;154,264,498,248,183;19150;27;0,141191235684777;19490;367;19,191,549,443,079;19125;2;0,0104586100507243
25.09.2023;19120;-298;-153,465,856,421,877;19350;-68;-0,350190544855289;19450;32;0,164795550520136;19090;-328;-168,915,439,283,139
26.09.2023;18877;-243;-127,092,050,209,205;19120;0;0;19240;120;0,627615062761506;18775;-345;-180,439,330,543,933
27.09.2023;19003;126;0,667478942628596;18900;23;0,121841394289347;19050;173;0,916459183132913;18555;-322;-170,577,952,005,086
28.09.2023;18887;-116;-0,610429932115982;19070;67;0,352575909066989;19345;342;179,971,583,434,195;18800;-203;-106,825,238,120,297
29.09.2023;18694;-193;-102,186,689,257,161;19030;143;0,75713453698311;19250;363;192,195,690,157,251;18650;-237;-125,483,136,548,949
02.10.2023;18749;55;0,294212046645983;18725;31;0,165828608109554;19040;346;185,086,123,890,018;18690;-4;-0,0213972397560715
03.10.2023;18728;-21;-0,112005973651928;19000;251;133,873,806,603,019;19030;281;149,874,659,981,866;18630;-119;-0,634700517360926
04.10.2023;18723;-5;-0,0266979923109782;18690;-38;-0,202904741563434;18975;247;131,888,082,016,232;18605;-123;-0,656770610850064
05.10.2023;18490;-233;-12,444,586,871,762;18700;-23;-0,122843561395076;18720;-3;-0,0160230732254446;18350;-373;-199,220,210,436,362
06.10.2023;18582;92;0,497566252028123;18360;-130;-0,703082747431044;18670;180;0,973499188750676;18330;-160;-0,865332612222823
09.10.2023;18939;357;192,121,407,814,014;18580;-2;-0,0107631040792164;18995;413;22,225,809,923,582;18360;-222;-119,470,455,279,303
10.10.2023;18682;-257;-135,698,822,535,509;18970;31;0,163683404614816;18985;46;0,242885052009082;18500;-439;-231,796,821,373,885
11.10.2023;18371;-311;-166,470,399,314,849;18690;8;0,0428219676694144;18695;13;0,0695856974627984;18290;-392;-209,827,641,580,131
12.10.2023;18728;357;194,328,016,983,289;18465;94;0,511676011104458;18950;579;315,170,649,393,065;18320;-51;-0,27761145283327
13.10.2023;18546;-182;-0,971806920119607;18690;-38;-0,202904741563434;18795;67;0,357753096967108;18460;-268;-143,101,238,786,843
16.10.2023;18602;56;0,301951903375391;18740;194;104,604,766,526,475;18880;334;180,092,742,370,322;18555;9;0,048527984471045
17.10.2023;18593;-9;-0,0483818944199548;18545;-57;-0,306418664659714;18645;43;0,231157940006451;18360;-242;-130,093,538,329,212
18.10.2023;18655;62;0,333458828591405;18645;52;0,279675146560534;18760;167;0,89818748991556;18465;-128;-0,688431129995159
19.10.2023;18520;-135;-0,723666577325114;18470;-185;-0,991691235593675;18675;20;0,107209863307424;18380;-275;-147,413,562,047,708
20.10.2023;18588;68;0,367170626349892;18570;50;0,269978401727862;18760;240;129,589,632,829,374;18190;-330;-178,185,745,140,389
23.10.2023;18177;-411;-221,110,393,802,453;18645;57;0,306649451258877;18735;147;0,79083279535184;18150;-438;-235,635,894,125,242
24.10.2023;18274;97;0,533641414974968;18255;78;0,429113715134511;18410;233;128,183,968,751,719;17930;-247;-135,886,009,792,595
25.10.2023;18317;43;0,235306993542738;18345;71;0,388530152128707;18490;216;118,200,722,337,748;18170;-104;-0,5691145890336
26.10.2023;18079;-238;-129,933,941,147,568;18200;-117;-0,63875088715401;18295;-22;-0,120107004422122;17970;-347;-189,441,502,429,437
27.10.2023;18374;295;163,172,741,855,191;18065;-14;-0,0774379113889043;18435;356;196,913,546,103,214;17925;-154;-0,851817025277947
30.10.2023;18489;115;0,625884401872211;18380;6;0,0326548383585501;18650;276;150,212,256,449,331;18310;-64;-0,348318275824535
31.10.2023;18130;-359;-194,169,506,192,871;18430;-59;-0,319108659202769;18430;-59;-0,319108659202769;18005;-484;-261,777,272,973,119
01.11.2023;18014;-116;-0,639823496966354;18080;-50;-0,275785990071704;18185;55;0,303364589078875;17905;-225;-124,103,695,532,267
02.11.2023;17979;-35;-0,194293327412013;18020;6;0,0333074275563451;18075;61;0,338625513489508;17885;-129;-0,716109692461419
03.11.2023;18223;244;135,713,888,425,385;17950;-29;-0,161299293620335;18240;261;145,169,364,258,301;17900;-79;-0,439401524000222
06.11.2023;18445;222;121,824,068,484,882;18215;-8;-0,0439005652197772;18495;272;149,261,921,747,242;18035;-188;-103,166,328,266,476
07.11.2023;17912;-533;-288,967,199,783,139;18390;-55;-0,29818378964489;18395;-50;-0,271076172404446;17660;-785;-42,558,959,067,498
08.11.2023;18094;182;101,607,860,652,077;17905;-7;-0,0390799464046449;18190;278;155,203,215,721,304;17800;-112;-0,625279142474319
09.11.2023;17813;-281;-155,300,099,480,491;18050;-44;-0,243174532994363;18090;-4;-0,0221067757267603;17730;-364;-201,171,659,113,518
10.11.2023;17257;-556;-312,131,589,288,722;17790;-23;-0,129119182619435;17850;37;0,207713467692135;17190;-623;-349,744,568,573,514
13.11.2023;17398;141;0,817059743872052;17190;-67;-0,388248247088138;17540;283;163,991,423,770,064;17035;-222;-128,643,449,035,174
14.11.2023;17487;89;0,511553052074951;17400;2;0,0114955742039315;17590;192;110,357,512,357,742;17175;-223;-128,175,652,373,836
15.11.2023;17421;-66;-0,377423228684165;17420;-67;-0,383141762452107;17560;73;0,417452965059759;17310;-177;-101,218,047,692,572
16.11.2023;17020;-401;-230,181,964,295,965;17465;44;0,252568738878365;17485;64;0,367372711095804;16955;-466;-267,493,255,266,632
17.11.2023;16904;-116;-0,681551116333725;17100;80;0,470035252643948;17220;200;117,508,813,160,987;16820;-200;-117,508,813,160,987
20.11.2023;16952;48;0,283956460009465;17090;186;110,033,128,253,668;17100;196;115,948,887,837,198;16710;-194;-114,765,735,920,492
21.11.2023;16992;40;0,235960358659745;17070;118;0,696083058046248;17160;208;122,699,386,503,067;16740;-212;-125,058,990,089,665
22.11.2023;16435;-557;-32,780,131,826,742;16945;-47;-0,276600753295669;16975;-17;-0,100047080979284;16405;-587;-345,456,685,499,058
23.11.2023;16619;184;111,956,191,055,674;16500;65;0,39549741405537;16690;255;155,156,677,821,722;16280;-155;-0,943109218132035
24.11.2023;16138;-481;-289,427,763,403,334;16600;-19;-0,114326975148926;16615;-4;-0,0240688368734581;15995;-624;-375,473,855,225,946
27.11.2023;16079;-59;-0,36559672821911;16130;-8;-0,0495724377246251;16240;102;0,63204858098897;15840;-298;-184,657,330,524,229
28.11.2023;16766;687;427,265,377,200,075;16025;-54;-0,335841781205299;16840;761;47,328,813,980,969;15995;-84;-0,522420548541576
29.11.2023;17122;356;212,334,486,460,694;16840;74;0,441369438148634;17270;504;300,608,374,090,421;16780;14;0,0835023261362281
30.11.2023;16645;-477;-278,588,949,889,032;17105;-17;-0,0992874664174746;17105;-17;-0,0992874664174746;16375;-747;-436,280,808,316,785
01.12.2023;17042;397;238,510,063,082,007;16615;-30;-0,180234304595975;17090;445;267,347,551,817,363;16470;-175;-105,136,677,680,985
04.12.2023;16714;-328;-19,246,567,304,307;16955;-87;-0,510503462034972;16970;-72;-0,422485623753081;16405;-637;-373,782,419,903,767
05.12.2023;16143;-571;-341,629,771,449,085;16680;-34;-0,203422280722747;16680;-34;-0,203422280722747;16095;-619;-370,348,211,080,531
06.12.2023;16218;75;0,464597658427802;16230;87;0,53893328377625;16830;687;425,571,455,119,866;16180;37;0,229201511491049
07.12.2023;16508;290;178,813,663,830,312;16230;12;0,0739918608953015;16685;467;287,951,658,650,882;16160;-58;-0,357627327660624
08.12.2023;16806;298;180,518,536,467,167;16650;142;0,86018899927308;17070;562;340,440,998,303,853;16615;107;0,648170583959292
11.12.2023;16607;-199;-11,841,009,163,394;16805;-1;-0,00595025586100202;16860;54;0,321313816494109;16455;-351;-208,853,980,721,171
12.12.2023;16520;-87;-0,523875474197628;16560;-47;-0,283013187210213;16700;93;0,56000481724574;16385;-222;-133,678,569,278,015
13.12.2023;16468;-52;-0,314769975786925;16485;-35;-0,211864406779661;16575;55;0,332929782082324;16280;-240;-145,278,450,363,196
14.12.2023;16972;504;3,060,480,932,718;16545;77;0,467573475831916;17060;592;359,485,061,938,305;16510;42;0,2550400777265
15.12.2023;17150;178;104,878,623,615,366;17020;48;0,282818760311101;17375;403;237,449,917,511,195;16780;-192;-11,312,750,412,444
18.12.2023;16502;-648;-377,842,565,597,668;16625;-525;-306,122,448,979,592;17080;-70;-0,408163265306122;16395;-755;-440,233,236,151,603
19.12.2023;16747;245;148,466,852,502,727;16525;23;0,139377045206642;16785;283;171,494,364,319,476;16340;-162;-0,981699187977215
20.12.2023;16854;107;0,638920403654386;16685;-62;-0,370215560995999;16935;188;112,258,912,043,948;16587;-160;-0,955394996118708
21.12.2023;16888;34;0,201732526403228;16775;-79;-0,4687314584075;17050;196;116,292,868,161,861;16525;-329;-195,205,885,843,123
22.12.2023;16509;-379;-224,419,706,300,332;16895;7;0,0414495499763145;17035;147;0,870440549502605;16359;-529;-313,240,170,535,291
27.12.2023;16938;429;259,858,259,131,383;16610;101;0,611787509843116;16960;451;273,184,323,702,223;16600;91;0,55121448906657
28.12.2023;16734;-204;-120,439,249,025,859;16895;-43;-0,253867044515291;17025;87;0,513637973786752;16650;-288;-170,031,880,977,683
29.12.2023;16603;-131;-0,782837337157882;16715;-19;-0,113541293175571;16810;76;0,454165172702283;16400;-334;-199,593,641,687,582
02.01.2024;16574;-29;-0,17466722881407;16625;22;0,132506173583087;16850;247;148,768,294,886,466;16465;-138;-0,831175088839366
03.01.2024;16409;-165;-0,995535175576204;16575;1;0,00603354651864366;16685;111;0,669723663569446;16290;-284;-17,135,272,112,948
04.01.2024;16064;-345;-210,250,472,301,786;16365;-44;-0,268145529892132;16450;41;0,24986288012676;16030;-379;-230,970,808,702,541
05.01.2024;16372;308;191,733,067,729,084;16055;-9;-0,0560258964143426;16405;341;212,275,896,414,343;15895;-169;-105,204,183,266,932
08.01.2024;16303;-69;-0,421451258245785;16340;-32;-0,195455655998045;16475;103;0,629122892743709;16100;-272;-166,137,307,598,339
09.01.2024;16287;-16;-0,0981414463595657;16320;17;0,104275286757039;16400;97;0,594982518554867;16115;-188;-11,531,619,947,249
10.01.2024;16429;142;0,871860993430343;16240;-47;-0,288573709093142;16480;193;118,499,416,712,716;16105;-182;-111,745,563,946,706
11.01.2024;16420;-9;-0,0547811796214012;16405;-24;-0,14608314565707;16565;136;0,827804492056729;16305;-124;-0,754762919228194
12.01.2024;16343;-77;-0,468940316686967;16440;20;0,121802679658952;16525;105;0,639464068209501;16180;-240;-146,163,215,590,743
15.01.2024;16218;-125;-0,764853454078199;16275;-68;-0,41608027901854;16470;127;0,77709110934345;16130;-213;-130,331,028,574,925
16.01.2024;16150;-68;-0,419287211740042;16100;-118;-0,727586632137132;16255;37;0,228141571093846;16100;-118;-0,727586632137132
17.01.2024;16079;-71;-0,439628482972136;16230;80;0,495356037151703;16240;90;0,557275541795666;16000;-150;-0,928792569659443
18.01.2024;16156;77;0,478885502829778;16110;31;0,19279805958082;16270;191;118,788,481,870,763;16010;-69;-0,429131164873437
19.01.2024;16036;-120;-0,742758108442684;16270;114;0,70562020302055;16345;189;116,984,402,079,723;16000;-156;-0,965585540975489
22.01.2024;16007;-29;-0,180843103018209;16090;54;0,336742329758044;16100;64;0,399102020453979;15920;-116;-0,723372412072836
23.01.2024;16306;299;186,793,277,940,901;15980;-27;-0,16867620416068;16370;363;226,775,785,593,803;15980;-27;-0,16867620416068
24.01.2024;16648;342;209,738,746,473,691;16255;-51;-0,312768306144977;16700;394;241,628,848,276,708;16225;-81;-0,496749662700846
25.01.2024;16701;53;0,318356559346468;16650;2;0,012013455069678;16775;127;0,762854396924556;16450;-198;-118,933,205,189,813
26.01.2024;16785;84;0,502963894377582;16680;-21;-0,125740973594396;16795;94;0,562840548470151;16555;-146;-0,874199149751512
29.01.2024;16439;-346;-206,136,431,337,504;16565;-220;-131,069,407,208,817;16630;-155;-0,923443550789395;16350;-435;-259,159,964,253,798
30.01.2024;16508;69;0,41973356043555;16465;26;0,158160472048178;16545;106;0,644808078350265;16255;-184;-11,192,894,944,948
31.01.2024;16269;-239;-144,778,289,314,272;16495;-13;-0,0787496971165496;16525;17;0,102980373152411;16205;-303;-18,354,737,097,165
01.02.2024;16230;-39;-0,239719712336345;16245;-24;-0,147519822976212;16345;76;0,467146106091339;16065;-204;-125,391,849,529,781
02.02.2024;16235;5;0,0308071472581639;16220;-10;-0,0616142945163278;16430;200;123,228,589,032,656;16175;-55;-0,338878619839803
05.02.2024;16020;-215;-132,429,935,324,915;16190;-45;-0,277178934400986;16270;35;0,215583615645211;15890;-345;-212,503,849,707,422
06.02.2024;15927;-93;-0,580524344569288;15960;-60;-0,374531835205993;16135;115;0,717852684144819;15850;-170;-106,117,353,308,365
07.02.2024;16012;85;0,533684937527469;15930;3;0,0188359389715577;16050;123;0,772273497833867;15850;-77;-0,483455766936648
08.02.2024;16007;-5;-0,0312265800649513;16000;-12;-0,0749437921558831;16175;163;101,798,651,011,741;15905;-107;-0,668248813389958
09.02.2024;15921;-86;-0,537264946585869;16085;78;0,487286812019741;16140;133;0,830886487161867;15900;-107;-0,668457549821953
12.02.2024;16040;119;0,74744048740657;15935;14;0,0879341749890082;16085;164;103,008,604,987,124;15935;14;0,0879341749890082
13.02.2024;16261;221;137,780,548,628,429;16040;0;0;16300;260;162,094,763,092,269;16015;-25;-0,155860349127182
14.02.2024;16346;85;0,522723079761392;16225;-36;-0,221388598487178;16575;314;19,310,005,534,715;16215;-46;-0,282885431400283
15.02.2024;16258;-88;-0,53835800807537;16330;-16;-0,0978832741955218;16590;244;149,271,993,148,171;16205;-141;-0,862596353848036
16.02.2024;16356;98;0,602780169762578;16250;-8;-0,0492065444704146;16465;207;127,321,933,817,198;16230;-28;-0,172222905646451
19.02.2024;16349;-7;-0,0427977500611396;16350;-6;-0,0366837857666911;16475;119;0,727561751039374;16205;-151;-0,923208608461727
20.02.2024;16347;-2;-0,0122331641078965;16300;-49;-0,299712520643464;16555;206;126,001,590,311,334;16230;-119;-0,727873264419842
21.02.2024;16930;583;35,664,036,214,596;16425;78;0,47715177096715;16950;603;368,875,022,939,989;16400;53;0,324218511041781
22.02.2024;17392;462;272,888,363,851,152;16800;-130;-0,767867690490254;17430;500;295,333,727,111,636;16800;-130;-0,767867690490254
23.02.2024;17495;103;0,592226310947562;17365;-27;-0,15524379024839;17600;208;119,595,216,191,352;17265;-127;-0,730220791168353
26.02.2024;17169;-326;-186,338,953,986,853;17495;0;0;17520;25;0,142897970848814;17050;-445;-254,358,388,110,889
27.02.2024;17460;291;169,491,525,423,729;17100;-69;-0,401887122138738;17545;376;218,999,359,310,385;17005;-164;-0,95520997146019
28.02.2024;17601;141;0,807560137457045;17510;50;0,286368843069874;17700;240;13,745,704,467,354;17260;-200;-11,454,753,722,795
29.02.2024;17896;295;167,604,113,402,648;17650;49;0,278393273109482;17935;334;189,761,945,344,015;17585;-16;-0,0909039259133004
01.03.2024;17662;-234;-130,755,476,084,041;17830;-66;-0,368797496647295;17880;-16;-0,0894054537326777;17200;-696;-388,913,723,737,148
04.03.2024;17945;283;160,231,004,416,261;17670;8;0,0452949835805685;17970;308;174,385,686,785,189;17435;-227;-128,524,515,909,863
05.03.2024;17759;-186;-103,650,041,794,372;17890;-55;-0,306492059069379;17970;25;0,139314572304263;17645;-300;-167,177,486,765,116
06.03.2024;17717;-42;-0,236499802916831;17675;-84;-0,472999605833662;17750;-9;-0,0506785291964638;17490;-269;-151,472,492,820,542
07.03.2024;17983;266;150,138,285,262,742;17580;-137;-0,773268612067506;18000;283;159,733,589,208,105;17550;-167;-0,942597505220974
08.03.2024;18011;28;0,155702608018684;17830;-153;-0,850803536673525;18165;182;101,206,695,212,145;17810;-173;-0,9620196852583
11.03.2024;18377;366;203,209,149,963,911;17900;-111;-0,616290044972517;18480;469;260,396,424,407,307;17865;-146;-0,810615734828716
12.03.2024;18551;174;0,946835718561245;18275;-102;-0,555041628122109;18570;193;105,022,582,576,046;18085;-292;-158,894,270,011,427
13.03.2024;18346;-205;-110,506,172,174,007;18475;-76;-0,40968141879144;18590;39;0,210231254379818;18225;-326;-175,731,766,481,591
14.03.2024;18077;-269;-146,625,967,513,354;18285;-61;-0,332497547149242;18425;79;0,430611577455576;17975;-371;-202,223,918,020,277
15.03.2024;18074;-3;-0,0165956740609614;18080;3;0,0165956740609614;18340;263;145,488,742,601,095;17900;-177;-0,979144769596725
18.03.2024;17872;-202;-111,762,753,126,037;18110;36;0,199181144185017;18115;41;0,226845191988492;17800;-274;-151,598,981,963,041
19.03.2024;17395;-477;-26,689,794,091,316;17825;-47;-0,262981199641898;17930;58;0,324529991047449;17345;-527;-29,487,466,427,932
20.03.2024;17492;97;0,557631503305548;17390;-5;-0,0287438919229664;17625;230;132,221,902,845,645;17265;-130;-0,747341189997126
21.03.2024;17541;49;0,280128058541047;17570;78;0,445918134004116;17685;193;110,336,153,670,249;17460;-32;-0,182940772924766
22.03.2024;17242;-299;-170,457,784,618,893;17535;-6;-0,0342055755088079;17535;-6;-0,0342055755088079;17135;-406;-2,314,577,276,096
25.03.2024;16937;-305;-176,893,631,829,254;17140;-102;-0,591578703166686;17325;83;0,481382670223872;16880;-362;-209,952,441,712,098
26.03.2024;16640;-297;-175,355,730,058,452;16990;53;0,312924366770975;17000;63;0,371966700123989;16625;-312;-184,212,080,061,404
27.03.2024;16620;-20;-0,120192307692308;16665;25;0,150240384615385;16690;50;0,300480769230769;16535;-105;-0,631009615384615
28.03.2024;16749;129;0,776173285198556;16615;-5;-0,0300842358604091;16905;285;171,480,144,404,332;16540;-80;-0,481347773766546
02.04.2024;17030;281;167,771,210,221,506;16850;101;0,603021075885127;17240;491;293,151,829,959,998;16800;51;0,30449579079348
03.04.2024;17339;309;181,444,509,688,784;17050;20;0,117439812096301;17485;455;267,175,572,519,084;16855;-175;-102,759,835,584,263
04.04.2024;17711;372;214,545,244,823,808;17425;86;0,495991695022781;17750;411;237,037,891,458,562;17285;-54;-0,311436645711979
05.04.2024;17804;93;0,525097397097849;17550;-161;-0,909039579922082;17830;119;0,671898819942409;17455;-256;-144,542,939,416,182
08.04.2024;17848;44;0,247135475174118;17700;-104;-0,584138395866098;17940;136;0,76387328690182;17415;-389;-2,184,902,269,153
09.04.2024;18219;371;207,866,427,610,937;17800;-48;-0,268937696100403;18295;447;250,448,229,493,501;17620;-228;-127,745,405,647,692
10.04.2024;18364;145;0,795872440858444;18240;21;0,11526428453812;18900;681;373,785,608,430,759;18130;-89;-0,488501015423459
11.04.2024;17811;-553;-301,132,650,838,597;18455;91;0,495534741886299;18455;91;0,495534741886299;17555;-809;-440,535,830,973,644
12.04.2024;17797;-14;-0,0786031104373702;17685;-126;-0,707427993936331;18145;334;187,524,563,472,012;17630;-181;-101,622,592,779,743
15.04.2024;17846;49;0,275327302354329;18500;703;395,010,395,010,395;19355;1558;875,428,442,996,011;17650;-147;-0,825981907062988
16.04.2024;17726;-120;-0,67241958982405;17950;104;0,582763644514177;18055;209;117,113,078,561,022;17595;-251;-140,647,764,204,864
17.04.2024;18238;512;288,841,250,141,036;17775;49;0,276430102674038;18285;559;315,355,974,275,076;17660;-66;-0,372334424009929
18.04.2024;18559;321;176,006,141,024,235;18180;-58;-0,318017326461235;18800;562;308,147,823,226,231;18085;-153;-0,838907774975326
19.04.2024;19326;767;4,132,765,774,018;18545;-14;-0,0754350988738617;19480;921;496,255,186,163,048;18500;-59;-0,317905059539846
22.04.2024;19739;413;213,701,748,939,253;19365;39;0,201800683017696;19775;449;232,329,504,294,732;19020;-306;-158,335,920,521,577
23.04.2024;19006;-733;-371,346,066,163,433;19655;-84;-0,425553472820305;19675;-64;-0,324231217386899;18825;-914;-463,042,707,330,665
24.04.2024;18945;-61;-0,320951278543618;19025;19;0,0999684310217826;19325;319;167,841,734,189,203;18775;-231;-121,540,566,137,009
25.04.2024;19157;212;111,902,876,748,482;18885;-60;-0,316706254948535;19190;245;129,321,720,770,652;18710;-235;-124,043,283,188,176
26.04.2024;19100;-57;-0,297541368690296;19110;-47;-0,245341128569191;19460;303;158,166,727,566,947;19055;-102;-0,532442449235266
29.04.2024;19148;48;0,25130890052356;19155;55;0,287958115183246;19390;290;151,832,460,732,984;19075;-25;-0,130890052356021
30.04.2024;19238;90;0,470022978901191;19255;107;0,558805097138082;19355;207;108,105,285,147,274;19025;-123;-0,642364737831627
01.05.2024;18879;-359;-186,609,834,702,152;19235;-3;-0,0155941366046367;19250;12;0,0623765464185466;18705;-533;-277,055,827,009,045
02.05.2024;18648;-231;-122,358,175,750,834;18810;-69;-0,365485460034959;18975;96;0,508501509613857;18520;-359;-190,158,377,032,682
03.05.2024;19237;589;315,851,565,851,566;18770;122;0,654225654225654;19285;637;341,591,591,591,592;18720;72;0,386100386100386
07.05.2024;19256;19;0,0987679991682695;19295;58;0,301502313250507;19505;268;139,314,861,984,717;18955;-282;-146,592,504,028,695
08.05.2024;18885;-371;-192,667,220,606,564;19135;-121;-0,628375571250519;19135;-121;-0,628375571250519;18585;-671;-348,462,816,784,379
09.05.2024;19033;148;0,783690759862325;18875;-10;-0,052952078369076;19075;190;100,608,948,901,244;18660;-225;-119,142,176,330,421
10.05.2024;18952;-81;-0,425576630063574;19055;22;0,115588714338255;19150;117;0,614721798980718;18860;-173;-0,908947617296275
13.05.2024;19230;278;146,686,365,555,087;19020;68;0,358801181933305;19250;298;157,239,341,494,301;18850;-102;-0,538201772899958
14.05.2024;19075;-155;-0,806032241289652;19155;-75;-0,390015600624025;19335;105;0,546021840873635;19000;-230;-119,604,784,191,368
15.05.2024;19489;414;217,038,007,863,696;19070;-5;-0,0262123197903014;19550;475;249,017,038,007,864;18960;-115;-0,602883355176933
16.05.2024;19797;308;158,037,867,515,008;19500;11;0,0564420955410745;20140;651;334,034,583,611,268;19465;-24;-0,123146390271435
17.05.2024;21080;1283;648,077,991,614,891;20045;248;125,271,505,783,705;21365;1568;792,039,197,858,261;19980;183;0,924382482194272
20.05.2024;21615;535;253,795,066,413,662;21075;-5;-0,023719165085389;21750;670;317,836,812,144,213;21000;-80;-0,379506641366224
21.05.2024;21304;-311;-143,881,563,728,892;21410;-205;-0,948415452232246;21690;75;0,346981263011797;21110;-505;-233,634,050,427,944
22.05.2024;20366;-938;-440,292,902,741,269;21185;-119;-0,558580548253849;21270;-34;-0,159594442358243;20300;-1004;-471,273,000,375,516
23.05.2024;20084;-282;-138,466,070,902,485;20400;34;0,166944908180301;20415;49;0,240597073553962;19855;-511;-250,908,376,706,275
24.05.2024;20250;166;0,826528579964151;20095;11;0,0547699661422027;20355;271;134,933,280,223,063;20005;-79;-0,393347938657638
28.05.2024;20467;217;10,716,049,382,716;20400;150;0,740740740740741;20575;325;160,493,827,160,494;20290;40;0,197530864197531
29.05.2024;20490;23;0,112376019934529;20465;-2;-0,0097718278203938;20750;283;138,271,363,658,572;20320;-147;-0,718229344798945
30.05.2024;20063;-427;-208,394,338,701,806;20415;-75;-0,366032210834553;20480;-10;-0,0488042947779405;19930;-560;-273,304,050,756,467
31.05.2024;19710;-353;-175,945,770,821,911;20130;67;0,333948063599661;20325;262;130,588,645,765,838;19560;-503;-250,710,262,672,581
03.06.2024;19422;-288;-146,118,721,461,187;19710;0;0;19950;240;121,765,601,217,656;19250;-460;-233,384,069,000,507
04.06.2024;19068;-354;-182,267,531,665,122;19555;133;0,684790443826588;19615;193;0,993718463597982;18850;-572;-294,511,378,848,728
05.06.2024;18288;-780;-409,062,303,335,431;18910;-158;-0,828613383679463;19075;7;0,0367107195301028;18240;-828;-434,235,368,156,073
06.06.2024;18531;243;132,874,015,748,031;18540;252;137,795,275,590,551;18695;407;222,550,306,211,724;18300;12;0,0656167979002625
07.06.2024;18031;-500;-269,818,142,571,907;18570;39;0,210458151206087;18690;159;0,858021693378663;17980;-551;-297,339,593,114,241
10.06.2024;17891;-140;-0,776440574566025;18100;69;0,38267428317897;18170;139;0,770894570461982;17860;-171;-0,948366701791359
11.06.2024;17818;-73;-0,408026381979766;18100;209;116,818,512,101,056;18245;354;197,864,848,247,722;17760;-131;-0,73221172656643
12.06.2024;18061;243;136,378,942,642,272;18070;252;141,430,014,591,986;18175;357;200,359,187,338,646;17750;-68;-0,381636547311707
13.06.2024;17645;-416;-230,330,546,481,369;17940;-121;-0,66995182990975;18020;-41;-0,227008471291734;17600;-461;-255,246,110,403,632
14.06.2024;17575;-70;-0,396712949844148;17665;20;0,113346557098328;17795;150;0,850099178237461;17400;-245;-138,849,532,445,452
17.06.2024;17467;-108;-0,614509246088193;17610;35;0,199146514935989;17740;165;0,938833570412518;17285;-290;-165,007,112,375,533
18.06.2024;17294;-173;-0,990439113757371;17425;-42;-0,240453426461327;17590;123;0,704185034636744;17200;-267;-152,859,678,250,415
19.06.2024;17372;78;0,451023476350179;17315;21;0,121429397478894;17450;156;0,902046952700359;17200;-94;-0,543541112524575
20.06.2024;17424;52;0,299332258807276;17310;-62;-0,356896154731752;17570;198;113,976,513,930,463;17305;-67;-0,38567810269399
21.06.2024;17224;-200;-114,784,205,693,297;17385;-39;-0,223829201101928;17475;51;0,292699724517906;17160;-264;-151,515,151,515,152
24.06.2024;17325;101;0,586391082210869;17200;-24;-0,13934045517882;17415;191;110,891,778,913,144;17100;-124;-0,719925685090571
25.06.2024;17167;-158;-0,911976911976912;17245;-80;-0,461760461760462;17390;65;0,375180375180375;17050;-275;-158,730,158,730,159
26.06.2024;17056;-111;-0,646589386613852;17170;3;0,0174753888274014;17365;198;115,337,566,260,849;17040;-127;-0,739791460359993
27.06.2024;17103;47;0,275562851782364;17130;74;0,433864915572233;17290;234;13,719,512,195,122;16965;-91;-0,533536585365854
28.06.2024;17291;188;109,922,235,865,053;17225;122;0,713325147634918;17330;227;132,725,252,879,612;17110;7;0,0409284920774133
01.07.2024;17357;66;0,381701463188942;17190;-101;-0,584118905789139;17480;189;109,305,419,004,106;17180;-111;-0,641952460817766
02.07.2024;17004;-353;-203,376,159,474,564;17400;43;0,247738664515757;17570;213;122,717,059,399,666;16970;-387;-222,964,798,064,182
03.07.2024;17323;319;187,602,916,960,715;17005;1;0,00588096918372148;17600;596;3,505,057,633,498;17005;1;0,00588096918372148
04.07.2024;17217;-106;-0,611903250014432;17370;47;0,271315591987531;17435;112;0,646539283034116;17110;-213;-122,957,917,219,881
05.07.2024;17341;124;0,720218388801766;17140;-77;-0,447232386594645;17550;333;193,413,486,670,152;17140;-77;-0,447232386594645
08.07.2024;17473;132;0,761201776137478;17330;-11;-0,0634334813447898;17500;159;0,916902139438325;17305;-36;-0,20760048440113
09.07.2024;17142;-331;-189,435,128,483,947;17470;-3;-0,0171693469925027;17470;-3;-0,0171693469925027;17115;-358;-204,887,540,777,199
10.07.2024;16891;-251;-14,642,398,786,606;17145;3;0,0175008750437522;17180;38;0,221677750554194;16825;-317;-184,925,912,962,315
11.07.2024;16809;-82;-0,485465632585401;16860;-31;-0,183529690367651;17310;419;248,061,097,625,955;16795;-96;-0,568350008880469
12.07.2024;16856;47;0,279612112558748;16875;66;0,392646796359093;17000;191;113,629,603,188,768;16770;-39;-0,232018561484919
15.07.2024;16701;-155;-0,919553868058851;16895;39;0,231371618414808;16955;99;0,587327954437589;16690;-166;-0,984812529663028
16.07.2024;16594;-107;-0,640680198790492;16740;39;0,23351895096102;16835;134;0,802347164840429;16580;-121;-0,724507514520089
17.07.2024;16457;-137;-0,825599614318428;16680;86;0,518259611907919;16700;106;0,638785103049295;16435;-159;-0,958177654573942
18.07.2024;16423;-34;-0,206599015616455;16500;43;0,261286990338458;16565;108;0,656255696664034;16410;-47;-0,28559275688157
19.07.2024;16256;-167;-101,686,658,953,906;16450;27;0,164403580344639;16480;57;0,347074225172015;16220;-203;-123,607,136,333,191
22.07.2024;16190;-66;-0,406003937007874;16275;19;0,116879921259843;16335;79;0,485974409448819;16070;-186;-114,419,291,338,583
23.07.2024;16021;-169;-104,385,423,100,679;16090;-100;-0,617665225447807;16275;85;0,525015441630636;16010;-180;-111,179,740,580,605
24.07.2024;15827;-194;-121,091,067,973,285;16060;39;0,243430497472068;16115;94;0,586729916983959;15815;-206;-128,581,237,126,272
25.07.2024;15769;-58;-0,366462374423454;15840;13;0,0821381184052568;15945;118;0,745561382447716;15600;-227;-143,425,791,369,179
26.07.2024;15794;25;0,158538905447397;15825;56;0,355127148202169;15965;196;124,294,501,870,759;15705;-64;-0,405859597945336
29.07.2024;15837;43;0,272255286817779;15850;56;0,354565024692921;15960;166;105,103,203,748,259;15710;-84;-0,531847537039382
30.07.2024;16071;234;147,755,256,677,401;15895;58;0,366230978089285;16165;328;207,109,932,436,699;15795;-42;-0,26520174275431
31.07.2024;16604;533;331,653,288,532,139;16085;14;0,0871134341360214;16775;704;438,056,125,941,136;16085;14;0,0871134341360214
01.08.2024;16282;-322;-193,929,173,693,086;16560;-44;-0,264996386412913;16680;76;0,457721031076849;16155;-449;-270,416,767,044,086
02.08.2024;16273;-9;-0,0552757646480776;16225;-57;-0,350079842771158;16545;263;161,528,067,804,938;16150;-132;-0,810711214838472
05.08.2024;16276;3;0,018435445216002;16350;77;0,473176427210717;16430;157;0,964788299637436;15950;-323;-198,488,293,492,288
06.08.2024;16385;109;0,669697714426149;16205;-71;-0,436225116736299;16450;174;106,905,873,679,037;16170;-106;-0,651265667240108
07.08.2024;16296;-89;-0,543179737564846;16380;-5;-0,0305157155935307;16390;5;0,0305157155935307;16180;-205;-125,114,433,933,476
08.08.2024;16143;-153;-0,938880706921944;16195;-101;-0,619783996072656;16250;-46;-0,282277859597447;16080;-216;-132,547,864,506,627
09.08.2024;16150;7;0,0433624481199281;16185;42;0,260174688719569;16465;322;199,467,261,351,669;16115;-28;-0,173449792479713
12.08.2024;16355;205;126,934,984,520,124;16240;90;0,557275541795666;16425;275;170,278,637,770,898;16080;-70;-0,43343653250774
13.08.2024;16321;-34;-0,207887496178539;16335;-20;-0,122286762457964;16450;95;0,580862121675329;16175;-180;-110,058,086,212,168
14.08.2024;16276;-45;-0,275718399607867;16385;64;0,392132834997856;16455;134;0,82102812327676;16135;-186;-113,963,605,171,252
15.08.2024;16319;43;0,264192676333251;16220;-56;-0,344064880806095;16470;194;119,193,905,136,397;16170;-106;-0,651265667240108
16.08.2024;16373;54;0,330902628837551;16340;21;0,128684355659048;16450;131;0,80274526625406;16115;-204;-125,007,659,783,075
19.08.2024;16666;293;178,953,154,583,766;16450;77;0,470286447199658;16795;422;257,741,403,530,202;16325;-48;-0,293165577475111
20.08.2024;17035;369;221,408,856,354,254;16710;44;0,264010560422417;17080;414;248,409,936,397,456;16545;-121;-0,726029041161646
21.08.2024;16910;-125;-0,733783387144115;16860;-175;-102,729,674,200,176;17065;30;0,176108012914588;16835;-200;-117,405,341,943,058
22.08.2024;16603;-307;-181,549,379,065,642;16870;-40;-0,236546422235364;16920;10;0,0591366055588409;16520;-390;-23,063,276,167,948
23.08.2024;16758;155;0,933566222971752;16555;-48;-0,289104378726736;16905;302;181,894,838,282,238;16520;-83;-0,499909654881648
27.08.2024;17136;378;225,563,909,774,436;16840;82;0,489318534431316;17165;407;242,869,077,455,544;16825;67;0,399809046425588
28.08.2024;17019;-117;-0,682773109243697;17105;-31;-0,180905695611578;17125;-11;-0,0641923436041083;16800;-336;-196,078,431,372,549
29.08.2024;17003;-16;-0,0940125741817968;17005;-14;-0,0822610024090722;17050;31;0,182149362477231;16910;-109;-0,640460661613491
30.08.2024;16766;-237;-139,387,166,970,535;17000;-3;-0,0176439451861436;17130;127;0,74692701288008;16700;-303;-178,203,846,380,051
02.09.2024;16625;-141;-0,840987713229154;16725;-41;-0,244542526541811;16745;-21;-0,125253489204342;16550;-216;-128,832,160,324,466
03.09.2024;16462;-163;-0,980451127819549;16675;50;0,300751879699248;16740;115;0,691729323308271;16295;-330;-198,496,240,601,504
04.09.2024;16214;-248;-150,649,981,776,212;16475;13;0,078969748511724;16485;23;0,139715708905358;16100;-362;-219,900,376,624,954
05.09.2024;16078;-136;-0,838781300111015;16165;-49;-0,302207968422351;16195;-19;-0,117182681633157;15950;-264;-162,822,252,374,491
06.09.2024;15893;-185;-115,064,062,694,365;16120;42;0,261226520711531;16140;62;0,385620102002737;15860;-218;-135,589,003,607,414
09.09.2024;15903;10;0,0629207827345372;15940;47;0,295727678852325;16055;162;10,193,166,802,995;15825;-68;-0,427861322594853
10.09.2024;15741;-162;-101,867,572,156,197;15985;82;0,515625982519022;15985;82;0,515625982519022;15665;-238;-149,657,297,365,277
11.09.2024;16112;371;235,690,235,690,236;15715;-26;-0,16517375007941;16145;404;256,654,596,277,238;15690;-51;-0,323994663617305
12.09.2024;16136;24;0,148957298907646;16155;43;0,266881827209533;16270;158;0,980635551142006;16015;-97;-0,602035749751738
13.09.2024;15944;-192;-118,988,596,926,128;16075;-61;-0,378036688150719;16145;9;0,0557759048091225;15905;-231;-143,158,155,676,748
16.09.2024;16284;340;213,246,362,267,938;15905;-39;-0,244606121424987;16325;381;238,961,364,776,719;15835;-109;-0,683642749623683
17.09.2024;16188;-96;-0,589535740604274;16235;-49;-0,300908867600098;16400;116;0,712355686563498;16110;-174;-106,853,352,984,525
18.09.2024;16233;45;0,277983691623425;16130;-58;-0,358290091425747;16325;137;0,846305905609093;16050;-138;-0,852483320978503
19.09.2024;16333;100;0,616029076572414;16205;-28;-0,172488141440276;16470;237;145,998,891,147,662;16110;-123;-0,757715764184069
20.09.2024;16510;177;10,836,955,856,242;16340;7;0,0428580175105614;16530;197;12,061,470,642,258;16330;-3;-0,0183677217902406
23.09.2024;16544;34;0,205935796486978;16450;-60;-0,363416111447608;16555;45;0,272562083585706;16315;-195;-118,110,236,220,472
24.09.2024;16710;166;100,338,491,295,938;16510;-34;-0,205512572533849;16750;206;124,516,441,005,803;16450;-94;-0,568181818181818
25.09.2024;16796;86;0,514661879114303;16745;35;0,209455415918612;16830;120;0,718132854578097;16525;-185;-110,712,148,414,123
26.09.2024;16745;-51;-0,303643724696356;16740;-56;-0,333412717313646;16870;74;0,440581090735889;16655;-141;-0,839485591807573
27.09.2024;16996;251;1,498,954,911,914;16750;5;0,0298596595998806;17035;290;173,186,025,679,307;16730;-15;-0,0895789787996417
30.09.2024;17514;518;304,777,594,728,171;17025;29;0,170628383148976;17575;579;340,668,392,562,956;16970;-26;-0,152977171099082
01.10.2024;17711;197;112,481,443,416,695;17455;-59;-0,336873358456092;17795;281;160,443,074,112,139;17345;-169;-0,964942331848807
02.10.2024;18153;442;249,562,418,835,752;17665;-46;-0,259725594263452;18245;534;301,507,537,688,442;17640;-71;-0,400880808537067
03.10.2024;17589;-564;-310,692,447,529,334;18150;-3;-0,0165261940175178;18290;137;0,754696193466645;17505;-648;-356,965,790,778,384
04.10.2024;17992;403;229,120,473,022,912;17770;181;102,905,224,856,444;18045;456;259,252,942,179,771;17715;126;0,71635681391779
07.10.2024;18052;60;0,33348154735438;17850;-142;-0,789239662072032;18225;233;129,502,000,889,284;17815;-177;-0,98377056469542
08.10.2024;17776;-276;-152,891,646,354,975;17925;-127;-0,703523155329049;18085;33;0,18280522933747;17523;-529;-293,042,322,180,368
09.10.2024;17371;-405;-227,835,283,528,353;17685;-91;-0,511926192619262;17880;104;0,585058505850585;17315;-461;-259,338,433,843,384
10.10.2024;17541;170;0,978642565194865;17405;34;0,195728513038973;17600;229;13,182,891,025,272;17305;-66;-0,379943584134477
11.10.2024;17864;323;184,140,014,822,416;17530;-11;-0,0627102217661479;17950;409;233,168,006,385,041;17495;-46;-0,262242745567528
14.10.2024;17670;-194;-108,598,298,253,471;17855;-9;-0,0503806538289297;17885;21;0,117554858934169;17465;-399;-223,354,231,974,922
15.10.2024;17424;-246;-139,219,015,280,136;17675;5;0,0282965478211658;17745;75;0,424448217317487;17296;-374;-21,165,817,770,232
16.10.2024;17279;-145;-0,8321854912764;17430;6;0,034435261707989;17435;11;0,0631313131313131;17250;-174;-0,99862258953168
17.10.2024;17005;-274;-158,573,991,550,437;17365;86;0,497713988078014;17435;156;0,902830024885699;16850;-429;-248,278,256,843,567
18.10.2024;16897;-108;-0,635107321376066;17095;90;0,529256101146722;17140;135;0,793884151720082;16830;-175;-102,910,908,556,307
21.10.2024;16705;-192;-113,629,638,397,349;17030;133;0,787121974314967;17135;238;140,853,405,930,047;16630;-267;-158,016,215,896,313
22.10.2024;16316;-389;-232,864,411,852,739;16645;-60;-0,359173900029931;16690;-15;-0,0897934750074828;16300;-405;-242,442,382,520,204
23.10.2024;16308;-8;-0,049031625398382;16475;159;0,974503554792841;16485;169;103,579,308,654,082;16136,5;-179,5;-11,001,470,948,762
24.10.2024;16295;-13;-0,0797154770664704;16275;-33;-0,202354672553348;16400;92;0,564140299239637;16225;-83;-0,508952661270542
25.10.2024;16167;-128;-0,785517029763731;16295;0;0;16330;35;0,21478981282602;16105;-190;-116,600,184,105,554
28.10.2024;16015;-152;-0,940186800272159;16115;-52;-0,321642852724686;16215;48;0,296901094822787;15930;-237;-146,594,915,568,751
29.10.2024;15873;-142;-0,886668748048704;15965;-50;-0,312207305650952;16070;55;0,343428036216047;15850;-165;-103,028,410,864,814
30.10.2024;15816;-57;-0,359100359100359;15900;27;0,17010017010017;16080;207;13,041,013,041,013;15805;-68;-0,428400428400428
31.10.2024;15718;-98;-0,61962569549823;15805;-11;-0,069549822964087;15885;69;0,436267071320182;15705;-111;-0,701820940819423
01.11.2024;15944;226;143,784,196,462,654;15740;22;0,139966916910548;16155;437;278,025,194,045,044;15720;2;0,0127242651736862
04.11.2024;16007;63;0,395132965378826;16000;56;0,351229302558956;16150;206;129,202,207,727,045;15915;-29;-0,181886603110888
05.11.2024;16123;116;0,724682951208846;16100;93;0,58099581433123;16375;368;229,899,419,004,186;16040;33;0,206159805085275
06.11.2024;16127;4;0,0248092786702227;16115;-8;-0,0496185573404453;16210;87;0,539601811077343;15885;-238;-147,615,208,087,825
07.11.2024;16587;460;285,235,939,728,406;16165;38;0,235629689340857;16650;523;3,243,008,619,086;16135;8;0,0496062503875488
08.11.2024;16397;-190;-11,454,753,722,795;16590;3;0,0180864532465184;16685;98;0,590824139386266;16310;-277;-166,998,251,642,853
11.11.2024;16108;-289;-176,251,753,369,519;16330;-67;-0,408611331341099;16380;-17;-0,10367750198207;16070;-327;-199,426,724,400,805
12.11.2024;15897;-211;-130,990,812,018,873;16125;17;0,105537621057859;16150;42;0,260740004966476;15875;-233;-144,648,621,802,831
13.11.2024;15730;-167;-105,051,267,534,755;15935;38;0,239038812354532;15975;78;0,490658614832987;15715;-182;-114,487,010,127,697
14.11.2024;15619;-111;-0,705657978385251;15730;0;0;15845;115;0,731087094723458;15575;-155;-0,985378258105531
15.11.2024;15540;-79;-0,505794224982393;15680;61;0,390549971188937;15865;246;157,500,480,184,391;15475;-144;-0,921954030347653
18.11.2024;15729;189;121,621,621,621,622;15550;10;0,0643500643500644;15745;205;131,917,631,917,632;15460;-80;-0,514800514800515
19.11.2024;15866;137;0,871002606650137;15720;-9;-0,0572191493419798;15990;261;165,935,533,091,741;15670;-59;-0,375103312352979
20.11.2024;15906;40;0,252111433253498;15830;-36;-0,226900289928148;16140;274;172,696,331,778,646;15830;-36;-0,226900289928148
21.11.2024;15714;-192;-12,070,916,635,232;15900;-6;-0,0377216144851;16055;149;0,936753426379982;15660;-246;-15,465,861,938,891
22.11.2024;15970;256;162,912,052,946,417;15700;-14;-0,0890925289550719;16040;326;207,458,317,423,953;15675;-39;-0,248186330660557
25.11.2024;16203;233;145,898,559,799,624;15915;-55;-0,344395742016281;16290;320;200,375,704,445,836;15910;-60;-0,375704445835942
26.11.2024;15996;-207;-12,775,411,960,748;16250;47;0,290069740171573;16250;47;0,290069740171573;15930;-273;-168,487,317,163,488
27.11.2024;15883;-113;-0,706426606651663;16010;14;0,0875218804701175;16085;89;0,556389097274319;15830;-166;-103,775,943,985,996
28.11.2024;16064;181;113,958,320,216,584;15885;2;0,012592079581943;16125;242;15,236,416,294,151;15885;2;0,012592079581943
29.11.2024;15903;-161;-100,224,103,585,657;16080;16;0,099601593625498;16115;51;0,317480079681275;15880;-184;-114,541,832,669,323
02.12.2024;15693;-210;-132,050,556,498,774;15840;-63;-0,396151669496321;15945;42;0,264101112997548;15645;-258;-162,233,540,841,351
03.12.2024;16015;322;205,187,026,062,576;15765;72;0,458803288090231;16095;402;256,165,169,183,712;15650;-43;-0,27400751927611
04.12.2024;16107;92;0,574461442397752;16040;25;0,156103652825476;16205;190;118,638,776,147,362;15995;-20;-0,124882922260381
05.12.2024;15974;-133;-0,825727944372012;16100;-7;-0,0434593654932638;16100;-7;-0,0434593654932638;15850;-257;-159,557,956,168,126
06.12.2024;16047;73;0,456992612996119;15970;-4;-0,025040691123075;16125;151;0,945286089896081;15970;-4;-0,025040691123075
09.12.2024;15996;-51;-0,317816414283044;16020;-27;-0,168255748738082;16135;88;0,548389106998193;15915;-132;-0,822583660497289
10.12.2024;15715;-281;-175,668,917,229,307;16005;9;0,0562640660165041;16040;44;0,275068767191798;15675;-321;-200,675,168,792,198
11.12.2024;15858;143;0,909958638243716;15770;55;0,349984091632199;15890;175;111,358,574,610,245;15655;-60;-0,381800827235126
12.12.2024;16168;310;19,548,492,874,259;15825;-33;-0,208096859629209;16230;372;234,581,914,491,109;15825;-33;-0,208096859629209
13.12.2024;15862;-306;-189,262,741,217,219;16160;-8;-0,049480455220188;16270;102;0,630875804057397;15785;-383;-23,688,767,936,665
16.12.2024;15708;-154;-0,970873786407767;15875;13;0,0819568780733829;15880;18;0,113478754255453;15670;-192;-12,104,400,453,915
17.12.2024;15503;-205;-130,506,748,153,807;15690;-18;-0,114591291061879;15710;2;0,0127323656735421;15495;-213;-135,599,694,423,224
18.12.2024;15508;5;0,0322518222279559;15525;22;0,141908017803006;15585;82;0,528929884538476;15465;-38;-0,245113848932465
19.12.2024;15113;-395;-254,707,247,872,066;15540;32;0,206345112200155;15540;32;0,206345112200155;15070;-438;-282,434,872,323,962
20.12.2024;15356;243;160,788,724,938,794;15090;-23;-0,152186858995567;15370;257;170,052,272,877,655;15065;-48;-0,317607357903791
23.12.2024;15292;-64;-0,416775201875488;15435;79;0,514456889815056;15530;174;113,310,758,009,898;15270;-86;-0,560041677520188
24.12.2024;15477;185;120,978,289,301,596;15390;98;0,640857964948993;15575;283;185,064,085,796,495;15290;-2;-0,0130787339785509
27.12.2024;15311;-166;-107,255,928,151,451;15550;73;0,47166763584674;15590;113;0,73011565548879;15215;-262;-169,283,452,865,542
30.12.2024;15415;;;;;;;;;;;
31.12.2024;15328;;;;;;;;;;;
02.01.2025;15078;;;;;;;;;;;
03.01.2025;15111;;;;;;;;;;;
06.01.2025;15182;;;;;;;;;;;
07.01.2025;15398;;;;;;;;;;;
08.01.2025;15451;;;;;;;;;;;
09.01.2025;15482;;;;;;;;;;;
10.01.2025;15658;;;;;;;;;;;
13.01.2025;15901;;;;;;;;;;;
14.01.2025;15956;;;;;;;;;;;
15.01.2025;15850;;;;;;;;;;;
16.01.2025;15963;;;;;;;;;;;
17.01.2025;16097;;;;;;;;;;;
20.01.2025;16102;;;;;;;;;;;
21.01.2025;16078;;;;;;;;;;;
22.01.2025;15718;;;;;;;;;;;
23.01.2025;15668;;;;;;;;;;;
24.01.2025;15668;;;;;;;;;;;
27.01.2025;15560;;;;;;;;;;;
28.01.2025;15435;;;;;;;;;;;
29.01.2025;15499;;;;;;;;;;;
30.01.2025;15394;;;;;;;;;;;
31.01.2025;15210;;;;;;;;;;;
03.02.2025;15208;;;;;;;;;;;
04.02.2025;15270;;;;;;;;;;;
05.02.2025;15535;;;;;;;;;;;
06.02.2025;15811;;;;;;;;;;;
07.02.2025;15756;;;;;;;;;;;
10.02.2025;15522;;;;;;;;;;;
11.02.2025;15538;;;;;;;;;;;
12.02.2025;15420;;;;;;;;;;;
13.02.2025;15374;;;;;;;;;;;
14.02.2025;15468;;;;;;;;;;;
17.02.2025;15490;;;;;;;;;;;
18.02.2025;15349;;;;;;;;;;;
19.02.2025;15404;;;;;;;;;;;
20.02.2025;15665;;;;;;;;;;;
21.02.2025;15517;;;;;;;;;;;
24.02.2025;15445;;;;;;;;;;;
25.02.2025;15336;;;;;;;;;;;
26.02.2025;15580;;;;;;;;;;;
27.02.2025;15832;;;;;;;;;;;
28.02.2025;15433;;;;;;;;;;;
03.03.2025;15893;;;;;;;;;;;
04.03.2025;15983;;;;;;;;;;;
05.03.2025;15901;;;;;;;;;;;
06.03.2025;16298;;;;;;;;;;;
07.03.2025;16504;;;;;;;;;;;
10.03.2025;16551;;;;;;;;;;;
11.03.2025;16493;;;;;;;;;;;
12.03.2025;16641;;;;;;;;;;;
13.03.2025;16506;;;;;;;;;;;
14.03.2025;16470;;;;;;;;;;;
17.03.2025;16430;;;;;;;;;;;
18.03.2025;16249;;;;;;;;;;;
19.03.2025;16399;;;;;;;;;;;
20.03.2025;16284;;;;;;;;;;;
21.03.2025;16057;;;;;;;;;;;
24.03.2025;16013;;;;;;;;;;;
25.03.2025;16161;;;;;;;;;;;
26.03.2025;16245;;;;;;;;;;;
27.03.2025;16247;;;;;;;;;;;
28.03.2025;16380;;;;;;;;;;;
31.03.2025;15918;;;;;;;;;;;
01.04.2025;16107;;;;;;;;;;;
02.04.2025;15964;;;;;;;;;;;
03.04.2025;15732;;;;;;;;;;;
04.04.2025;14758;;;;;;;;;;;
07.04.2025;14364;;;;;;;;;;;
08.04.2025;14180;;;;;;;;;;;
09.04.2025;14084;;;;;;;;;;;
10.04.2025;14798;;;;;;;;;;;
11.04.2025;15069;;;;;;;;;;;
14.04.2025;15307;;;;;;;;;;;
15.04.2025;15558;;;;;;;;;;;
16.04.2025;15683;;;;;;;;;;;
17.04.2025;15622;;;;;;;;;;;
22.04.2025;15682;;;;;;;;;;;
23.04.2025;15662;;;;;;;;;;;
24.04.2025;15821;;;;;;;;;;;
25.04.2025;15545;;;;;;;;;;;
28.04.2025;15615;;;;;;;;;;;
29.04.2025;15550;;;;;;;;;;;
30.04.2025;15418;;;;;;;;;;;
01.05.2025;15252;;;;;;;;;;;
02.05.2025;15480;;;;;;;;;;;
06.05.2025;15698;;;;;;;;;;;
07.05.2025;15548;;;;;;;;;;;
08.05.2025;15535;;;;;;;;;;;
09.05.2025;15804;;;;;;;;;;;
12.05.2025;15635;;;;;;;;;;;
13.05.2025;15735;;;;;;;;;;;
14.05.2025;15871;;;;;;;;;;;
15.05.2025;15799;;;;;;;;;;;
16.05.2025;15648;;;;;;;;;;;
19.05.2025;15562;;;;;;;;;;;
20.05.2025;15518;;;;;;;;;;;
21.05.2025;15602;;;;;;;;;;;
22.05.2025;15494;;;;;;;;;;;
23.05.2025;15594;;;;;;;;;;;
27.05.2025;15409;;;;;;;;;;;
28.05.2025;15011;;;;;;;;;;;
29.05.2025;15376;;;;;;;;;;;
30.05.2025;15237;;;;;;;;;;;
02.06.2025;15537;;;;;;;;;;;
03.06.2025;15438;;;;;;;;;;;
04.06.2025;15395;;;;;;;;;;;
05.06.2025;15523;;;;;;;;;;;
06.06.2025;15487;;;;;;;;;;;
09.06.2025;15421;;;;;;;;;;;
10.06.2025;15318;;;;;;;;;;;
11.06.2025;15177;;;;;;;;;;;
12.06.2025;15142;;;;;;;;;;;
13.06.2025;15128;;;;;;;;;;;
16.06.2025;15069;;;;;;;;;;;
17.06.2025;14924;;;;;;;;;;;
18.06.2025;15053;;;;;;;;;;;
19.06.2025;15056;;;;;;;;;;;
20.06.2025;15011;;;;;;;;;;;
23.06.2025;14804;;;;;;;;;;;
24.06.2025;14920;;;;;;;;;;;
25.06.2025;15074;;;;;;;;;;;
26.06.2025;15209;;;;;;;;;;;
27.06.2025;15245;;;;;;;;;;;
30.06.2025;15215;;;;;;;;;;;
01.07.2025;15206;;;;;;;;;;;
02.07.2025;15302;;;;;;;;;;;
03.07.2025;15451;;;;;;;;;;;
04.07.2025;15290;;;;;;;;;;;
07.07.2025;15177;;;;;;;;;;;
08.07.2025;15042;;;;;;;;;;;
09.07.2025;14979;;;;;;;;;;;
10.07.2025;15290;;;;;;;;;;;
11.07.2025;15198;;;;;;;;;;;
14.07.2025;15064;;;;;;;;;;;
15.07.2025;15146;;;;;;;;;;;
16.07.2025;15026;;;;;;;;;;;
17.07.2025;15096;;;;;;;;;;;
18.07.2025;15218;;;;;;;;;;;
21.07.2025;15523;;;;;;;;;;;
22.07.2025;15528;;;;;;;;;;;
23.07.2025;15572;;;;;;;;;;;
24.07.2025;15465;;;;;;;;;;;
25.07.2025;15320;;;;;;;;;;;
28.07.2025;15269;;;;;;;;;;;
29.07.2025;15316;;;;;;;;;;;
30.07.2025;15021;;;;;;;;;;;
31.07.2025;14936;;;;;;;;;;;
01.08.2025;14987;;;;;;;;;;;
04.08.2025;15066;;;;;;;;;;;
05.08.2025;15024;;;;;;;;;;;
06.08.2025;15135;;;;;;;;;;;
07.08.2025;15118;;;;;;;;;;;
08.08.2025;15156;;;;;;;;;;;
11.08.2025;15351;;;;;;;;;;;
12.08.2025;15332;;;;;;;;;;;
13.08.2025;15264;;;;;;;;;;;
14.08.2025;15031;;;;;;;;;;;
15.08.2025;15161;;;;;;;;;;;
18.08.2025;15151;;;;;;;;;;;
19.08.2025;15006;;;;;;;;;;;
20.08.2025;15008;;;;;;;;;;;
21.08.2025;14929;;;;;;;;;;;
22.08.2025;15100;;;;;;;;;;;
26.08.2025;15285;;;;;;;;;;;
27.08.2025;15131;;;;;;;;;;;
28.08.2025;15263;;;;;;;;;;;
29.08.2025;15421;;;;;;;;;;;
01.09.2025;15439;;;;;;;;;;;
02.09.2025;15232;;;;;;;;;;;
03.09.2025;15304;;;;;;;;;;;
04.09.2025;15236;;;;;;;;;;;
05.09.2025;15235;;;;;;;;;;;
08.09.2025;15229;;;;;;;;;;;
09.09.2025;15105;;;;;;;;;;;
10.09.2025;15146;;;;;;;;;;;
11.09.2025;15150;;;;;;;;;;;
12.09.2025;15391;;;;;;;;;;;
15.09.2025;15436;;;;;;;;;;;
16.09.2025;15428;;;;;;;;;;;
17.09.2025;15405;;;;;;;;;;;
18.09.2025;15272;;;;;;;;;;;
19.09.2025;15271;;;;;;;;;;;
22.09.2025;15213;;;;;;;;;;;
23.09.2025;15354;;;;;;;;;;;
24.09.2025;15417;;;;;;;;;;;
25.09.2025;15279;;;;;;;;;;;
26.09.2025;15175;;;;;;;;;;;
29.09.2025;15318;;;;;;;;;;;
30.09.2025;15235;;;;;;;;;;;
01.10.2025;15184;;;;;;;;;;;
02.10.2025;15317;;;;;;;;;;;
03.10.2025;15433;;;;;;;;;;;
06.10.2025;15482;;;;;;;;;;;
07.10.2025;15489;;;;;;;;;;;
08.10.2025;15346;;;;;;;;;;;
09.10.2025;15492;;;;;;;;;;;
10.10.2025;15280;;;;;;;;;;;
13.10.2025;15206;;;;;;;;;;;
14.10.2025;15135;;;;;;;;;;;
15.10.2025;15194;;;;;;;;;;;
16.10.2025;15267;;;;;;;;;;;
17.10.2025;15126;;;;;;;;;;;
20.10.2025;15222;;;;;;;;;;;
21.10.2025;15175;;;;;;;;;;;
22.10.2025;15163;;;;;;;;;;;
23.10.2025;15363;;;;;;;;;;;
24.10.2025;15361;;;;;;;;;;;
27.10.2025;15275;;;;;;;;;;;
28.10.2025;15296;;;;;;;;;;;
29.10.2025;15366;;;;;;;;;;;
30.10.2025;15230;;;;;;;;;;;
31.10.2025;15226;;;;;;;;;;;
03.11.2025;15142;;;;;;;;;;;
04.11.2025;15075;;;;;;;;;;;
05.11.2025;15035;;;;;;;;;;;
06.11.2025;15038;;;;;;;;;;;
07.11.2025;15060;;;;;;;;;;;
10.11.2025;15108;;;;;;;;;;;
11.11.2025;15053;;;;;;;;;;;
12.11.2025;15053;;;;;;;;;;;
13.11.2025;14981;;;;;;;;;;;
14.11.2025;14891;;;;;;;;;;;
17.11.2025;14650;;;;;;;;;;;
18.11.2025;14638;;;;;;;;;;;
;15655;344;224,675,070,210,959;;;;;;;;;
